11
43
83
131
179
229
277
337
389
443
499
569
617
673
739
809
859
929
991
1049
1103
1181
1237
1301
1381
1451
1499
1571
1621
1699
1777
1861
1913
1997
2063
2129
2207
2273
2341
2393
2467
2551
2647
2693
2749
2819
2897
2969
3049
3137
3217
3301
3359
3449
3517
3571
3637
3709
3793
3863
3929
4013
4091
4157
4241
4297
4397
4481
4549
4639
4703
4789
4877
4951
5009
5087
5171
5261
5347
5419
5483
5563
5651
5711
5801
5857
5927
6043
6113
6199
6269
6329
6389
6491
6577
6673
6737
6827
6899
6971
7039
7129
7219
7309
7417
7499
7559
7621
7699
7789
7877
7949
8059
8123
8221
8291
8377
8461
8563
8641
8707
8779
8849
8941
9013
9109
9187
9277
9343
9421
9479
9587
9661
9743
9817
9887
9973
10091
10159
10247
10313
10399
10487
10597
10663
10739
10853
10937
11027
11113
11177
11279
11369
11467
11549
11657
11743
11827
11909
11971
12071
12149
12241
12323
12409
12487
12547
12619
12703
12799
12899
12967
13037
13127
13217
13309
13399
13477
13591
13681
13729
13829
13903
13999
14083
14197
14321
14407
14479
14557
14639
14731
14783
14869
14951
15073
15139
15233
15299
15373
15451
15551
15641
15727
15787
15881
15959
16063
16127
16229
16339
16427
16519
16619
16693
16811
16901
16981
17047
17159
17239
17341
17417
17489
17579
17669
17761
17863
17939
18041
18119
18191
18257
18341
18433
18517
18617
18731
18839
18959
19069
19163
19249
19373
19427
19477
19559
19687
19759
19853
19949
20021
20107
20173
20269
20357
20441
20543
20641
20747
20849
20929
21013
21101
21179
21277
21379
21481
21529
21601
21701
21787
21863
21977
22051
22123
22193
22291
22397
22501
22613
22691
22751
22859
22961
23029
23087
23197
23293
23371
23531
23593
23669
23753
23831
23909
24001
24077
24133
24229
24371
24443
24547
24677
24781
24877
24971
25073
25163
25247
25343
25439
25541
25621
25703
25799
25903
25981
26083
26171
26251
26339
26423
26513
26641
26711
26783
26879
26953
27059
27127
27259
27367
27479
27581
27691
27763
27817
27919
28001
28097
28201
28307
28411
28513
28579
28643
28711
28807
28901
29017
29123
29191
29287
29383
29443
29569
29663
29761
29873
29989
30097
30169
30259
30347
30469
30557
30671
30763
30851
30937
31039
31139
31193
31267
31357
31489
31573
31667
31769
31883
32009
32083
32183
32261
32353
32413
32503
32579
32687
32783
32869
32969
33037
33119
33211
33331
33409
33503
33587
33637
33751
33827
33923
34033
34157
34259
34319
34421
34501
34591
34679
34759
34871
34963
35083
35153
35279
35363
35449
35537
35671
35801
35879
35977
36061
36151
36263
36343
36469
36551
36637
36713
36791
36887
36947
37049
37171
37273
37361
37463
37537
37591
37693
37831
37951
38039
38167
38239
38327
38449
38569
38669
38729
38833
38921
39023
39113
39199
39293
39371
39461
39569
39679
39779
39857
39953
40039
40151
40237
40361
40487
40577
40697
40801
40867
40961
41057
41161
41227
41333
41413
41521
41611
41681
41801
41893
41959
42043
42157
42223
42323
42403
42463
42569
42677
42737
42829
42929
43013
43117
43237
43391
43481
43591
43661
43781
43891
43987
44059
44131
44249
44351
44483
44543
44641
44729
44819
44917
45007
45131
45247
45329
45427
45541
45641
45751
45833
45953
46061
46153
46261
46349
46457
46559
46643
46727
46819
46919
47059
47147
47279
47353
47441
47533
47629
47713
47807
47911
47981
48119
48221
48337
48437
48523
48611
48731
48799
48871
49003
49081
49171
49261
49367
49451
49537
49639
49741
49823
49927
50023
50101
50177
50291
50383
50503
50591
50723
50839
50929
51043
51151
51239
51343
51427
51487
51581
51673
51769
51859
51949
52057
52163
52253
52363
52501
52571
52691
52769
52883
52967
53077
53149
53239
53353
53441
53591
53639
53759
53857
53927
54037
54151
54287
54371
54443
54539
54617
54713
54829
54941
55049
55127
55229
55339
55457
55589
55663
55733
55823
55903
56003
56101
56207
56311
56431
56501
56591
56681
56773
56857
56929
57037
57119
57193
57283
57383
57503
57637
57713
57791
57881
57991
58073
58171
58237
58369
58441
58567
58679
58763
58909
58997
59069
59149
59233
59357
59419
59509
59621
59699
59791
59951
60041
60133
60251
60343
60457
60607
60661
60761
60887
60943
61057
61211
61333
61417
61511
61609
61673
61781
61927
62003
62099
62191
62303
62423
62533
62627
62731
62851
62939
63059
63149
63299
63367
63443
63533
63611
63691
63773
63853
63997
64091
64217
64319
64451
64579
64663
64783
64891
65003
65099
65171
65269
65381
65479
65563
65647
65717
65831
65927
66037
66109
66271
66377
66491
66571
66697
66791
66883
66973
67073
67169
67247
67369
67447
67531
67607
67741
67807
67927
67987
68111
68219
68371
68483
68567
68687
68771
68891
68993
69109
69197
69313
69403
69491
69661
69767
69859
69997
70079
70163
70237
70327
70451
70537
70627
70753
70867
70949
71011
71143
71237
71329
71389
71471
71563
71699
71807
71881
71971
72053
72161
72251
72341
72469
72577
72673
72763
72889
72953
73039
73141
73309
73417
73523
73607
73693
73819
73907
74027
74143
74203
74311
74411
74509
74597
74717
74797
74887
75011
75133
75217
75323
75401
75527
75611
75689
75781
75913
75997
76103
76231
76333
76441
76537
76649
76757
76847
76961
77069
77191
77267
77359
77477
77549
77617
77711
77783
77899
78017
78139
78229
78317
78479
78569
78653
78787
78877
78979
79133
79201
79309
79397
79531
79613
79693
79817
79889
79987
80111
80207
80279
80387
80513
80627
80687
80783
80897
80989
81047
81157
81239
81353
81463
81563
81671
81761
81883
81967
82037
82163
82231
82349
82469
82549
82619
82757
82837
82981
83077
83219
83273
83401
83471
83597
83701
83833
83933
84059
84163
84239
84349
84443
84521
84653
84737
84859
84979
85087
85193
85259
85381
85487
85601
85669
85817
85903
86029
86143
86243
86311
86389
86491
86587
86729
86851
86959
87071
87179
87277
87383
87491
87557
87641
87719
87811
87931
88007
88177
88321
88463
88591
88681
88801
88867
88993
89069
89137
89261
89381
89459
89561
89633
89759
89839
89939
90017
90089
90197
90281
90401
90511
90619
90709
90841
90947
91081
91153
91249
91369
91453
91571
91691
91807
91921
92003
92119
92221
92317
92383
92467
92581
92671
92753
92831
92927
93053
93133
93241
93319
93427
93523
93629
93787
93901
93979
94079
94201
94309
94399
94483
94573
94693
94793
94889
95003
95093
95191
95267
95383
95467
95561
95651
95773
95869
95957
96053
96181
96281
96401
96487
96589
96737
96799
96911
97003
97151
97241
97379
97463
97571
97673
97829
97883
98009
98129
98269
98377
98459
98561
98669
98779
98887
98947
99041
99133
99241
99367
99469
99571
99679
99767
99859
99971
100103
100207
100333
100411
100517
100613
100741
100847
100981
101089
101161
101273
101359
101467
101533
101641
101741
101839
101939
102023
102103
102199
102293
102407
102503
102593
102679
102841
102953
103079
103183
103349
103451
103567
103657
103801
103913
103993
104087
104173
104287
104383
104513
104597
104701
104773
104869
104971
105107
105239
105337
105401
105517
105613
105727
105871
105971
106103
106207
106291
106363
106441
106591
106669
106751
106859
106949
107057
107137
107269
107377
107581
107693
107777
107881
107999
108089
108191
108271
108379
108499
108587
108739
108827
108917
108971
109103
109171
109303
109391
109481
109583
109673
109829
109891
110017
110129
110273
110431
110527
110587
110681
110813
110917
110977
111109
111217
111323
111443
111539
111653
111773
111847
111953
112069
112163
112249
112331
112459
112583
112691
112843
112939
113027
113111
113161
113233
113371
113501
113647
113761
113891
113969
114073
114193
114277
114407
114553
114643
114743
114809
114941
115061
115153
115279
115343
115499
115601
115727
115781
115853
115903
116041
116159
116269
116381
116483
116593
116731
116833
116933
117037
117133
117241
117353
117443
117563
117679
117763
117841
117937
118043
118169
118259
118399
118493
118621
118717
118831
118913
119057
119131
119243
119363
119533
119627
119699
119797
119881
119983
120079
120193
120299
120413
120563
120661
120739
120833
120917
121001
121081
121229
121327
121403
121501
121579
121687
121853
121951
122033
122131
122219
122323
122443
122509
122611
122753
122861
122957
123077
123203
123311
123419
123499
123593
123701
123791
123911
123997
124139
124231
124337
124433
124541
124673
124759
124823
124981
125101
125197
125287
125387
125507
125627
125707
125791
125927
126019
126107
126227
126323
126457
126541
126653
126751
126859
127033
127157
127261
127343
127487
127597
127669
127733
127843
127951
128111
128203
128311
128393
128473
128563
128669
128813
128903
128983
129083
129193
129287
129403
129497
129581
129671
129793
129937
130051
130147
130259
130363
130447
130531
130639
130729
130843
131009
131113
131249
131357
131449
131561
131687
131771
131891
131959
132109
132233
132329
132421
132529
132631
132707
132817
132929
133033
133117
133241
133321
133417
133543
133669
133769
133877
134033
134093
134219
134327
134399
134513
134677
134789
134909
135017
135119
135221
135329
135427
135497
135601
135671
135781
135899
136033
136139
136247
136337
136403
136483
136559
136691
136769
136883
136987
137119
137201
137339
137399
137507
137633
137743
137869
137983
138079
138181
138289
138401
138493
138577
138661
138799
138899
139067
139187
139303
139387
139483
139591
139703
139801
139907
139999
140159
140237
140339
140423
140549
140629
140729
140827
140897
141061
141161
141257
141353
141481
141601
141671
141761
141851
141959
142057
142159
142237
142403
142543
142607
142757
142867
142969
143111
143249
143357
143483
143551
143653
143779
143873
143999
144161
144253
144349
144461
144577
144701
144779
144899
145009
145121
145259
145391
145471
145547
145661
145757
145861
145969
146057
146173
146291
146381
146513
146609
146719
146837
146941
147047
147163
147263
147347
147451
147557
147671
147769
147859
148021
148151
148243
148381
148471
148579
148693
148793
148913
148997
149077
149159
149257
149371
149441
149533
149629
149767
149873
149971
150083
150197
150287
150383
150503
150589
150743
150869
150959
151027
151163
151247
151357
151471
151549
151631
151703
151813
151903
152029
152123
152239
152381
152443
152567
152671
152791
152857
152959
153077
153259
153343
153437
153521
153623
153749
153911
154001
154087
154211
154303
154409
154543
154643
154747
154849
154943
155081
155191
155299
155387
155509
155599
155693
155773
155851
156019
156131
156257
156371
156521
156641
156719
156833
156971
157061
157181
157247
157307
157429
157543
157667
157793
157889
158003
158141
158243
158359
158489
158581
158663
158791
158927
159073
159179
159293
159407
159499
159589
159697
159779
159857
160001
160087
160201
160343
160441
160583
160651
160739
160829
160967
161053
161159
161303
161407
161527
161611
161741
161831
161947
162017
162221
162293
162457
162557
162649
162731
162829
162917
163021
163151
163249
163367
163481
163613
163697
163819
163909
164011
164117
164233
164321
164429
164531
164653
164771
164911
165049
165181
165313
165397
165523
165589
165707
165817
165941
166063
166207
166303
166409
166571
166643
166741
166849
166967
167039
167113
167213
167329
167437
167543
167663
167779
167899
168037
168151
168277
168433
168527
168643
168761
168899
169009
169111
169241
169327
169457
169567
169661
169769
169859
169951
170063
170189
170263
170353
170447
170557
170689
170773
170857
170971
171079
171203
171329
171469
171559
171671
171761
171863
171947
172093
172199
172297
172399
172507
172597
172673
172787
172877
173021
173141
173249
173357
173531
173647
173713
173819
173917
174019
174101
174241
174331
174457
174571
174659
174767
174901
175003
175129
175309
175433
175543
175687
175781
175891
175979
176053
176161
176243
176347
176419
176509
176597
176711
176797
176921
177011
177131
177269
177409
177493
177677
177797
177907
178001
178117
178231
178333
178441
178537
178613
178753
178831
178909
179029
179111
179233
179351
179437
179527
179603
179693
179813
179909
179981
180073
180233
180307
180391
180511
180629
180779
180949
181081
181211
181301
181457
181603
181717
181787
181913
182009
182099
182167
182279
182417
182503
182599
182681
182803
182899
182999
183119
183289
183361
183461
183523
183637
183763
183917
184007
184111
184211
184321
184463
184567
184651
184753
184901
184999
185089
185177
185303
185429
185533
185621
185711
185813
185897
185987
186071
186163
186259
186379
186551
186649
186733
186859
187003
187091
187171
187237
187373
187463
187573
187687
187843
187927
188029
188197
188317
188417
188527
188677
188753
188857
188941
189043
189199
189311
189401
189479
189583
189671
189797
189887
189983
190121
190271
190367
190529
190613
190711
190807
190901
191039
191141
191251
191447
191507
191579
191693
191801
191911
192037
192133
192239
192341
192461
192571
192631
192767
192859
192961
193043
193163
193301
193393
193507
193603
193741
193813
193891
194017
194113
194263
194431
194569
194683
194771
194869
194989
195089
195193
195281
195401
195497
195677
195751
195883
195971
196051
196171
196279
196439
196543
196661
196751
196873
197003
197101
197221
197297
197381
197521
197621
197713
197831
197947
198043
198173
198259
198377
198463
198589
198673
198823
198901
198977
199109
199267
199399
199487
199603
199721
199807
199909
200017
200153
200237
200357
200461
200597
200731
200869
200983
201101
201203
201329
201451
201557
201661
201767
201827
201919
202001
202109
202243
202361
202493
202627
202733
202841
202949
203039
203213
203317
203383
203461
203641
203771
203873
203977
204067
204173
204353
204437
204521
204641
204791
204913
205031
205129
205213
205339
205433
205519
205619
205759
205913
205993
206077
206197
206273
206369
206467
206593
206749
206879
206951
207073
207197
207301
207401
207491
207551
207661
207769
207923
208001
208111
208217
208309
208409
208499
208591
208699
208843
208963
209089
209213
209299
209371
209477
209579
209687
209801
209887
209983
210101
210173
210257
210359
210467
210599
210719
210827
210923
211061
211177
211241
211339
211469
211583
211691
211789
211889
211997
212141
212243
212423
212557
212669
212837
212909
213029
213139
213229
213329
213449
213557
213659
213827
213943
214009
214091
214213
214363
214463
214541
214657
214759
214831
214967
215143
215261
215359
215461
215573
215723
215843
215939
216091
216173
216319
216431
216571
216679
216781
216899
217001
217121
217229
217337
217409
217517
217661
217739
217901
218021
218117
218233
218401
218479
218591
218677
218783
218873
218989
219071
219187
219313
219437
219533
219647
219731
219809
219911
219977
220123
220243
220361
220469
220573
220699
220807
220897
221021
221101
221227
221327
221471
221581
221677
221773
221909
222011
222109
222197
222329
222419
222557
222707
222823
222931
223009
223103
223241
223303
223403
223507
223637
223759
223903
224033
224131
224233
224317
224449
224569
224677
224771
224909
225023
225133
225223
225341
225431
225527
225629
225751
225859
225977
226099
226199
226337
226451
226553
226657
226783
226901
227053
227159
227251
227387
227471
227561
227627
227719
227893
228061
228197
228299
228383
228469
228577
228647
228773
228869
228953
229093
229189
229261
229399
229507
229591
229699
229763
229841
229963
230081
230189
230281
230357
230467
230567
230729
230827
230939
231031
231197
231317
231419
231503
231599
231709
231841
231947
232079
232187
232363
232451
232571
232681
232811
232901
233071
233183
233297
233407
233551
233669
233777
233923
234067
234167
234239
234331
234467
234571
234683
234791
234869
234977
235057
235181
235309
235489
235577
235699
235813
235951
236077
236209
236333
236461
236563
236701
236779
236893
237019
237143
237233
237331
237509
237683
237767
237901
238001
238099
238181
238267
238369
238477
238627
238723
238837
238921
239053
239179
239287
239417
239527
239611
239731
239849
239957
240047
240139
240263
240371
240509
240631
240739
240859
240959
241067
241183
241303
241391
241511
241597
241687
241807
241883
241973
242093
242201
242357
242449
242533
242647
242773
242873
243031
243149
243239
243403
243487
243587
243701
243829
243931
244087
244177
244297
244379
244457
244561
244639
244747
244859
244957
245107
245251
245339
245473
245563
245671
245759
245897
245989
246133
246223
246329
246473
246577
246683
246781
246889
246941
247073
247241
247363
247451
247591
247691
247771
247879
247997
248077
248177
248291
248389
248483
248597
248707
248797
248879
249017
249131
249233
249377
249449
249541
249677
249811
249911
250013
250091
250267
250433
250643
250739
250813
250949
251051
251143
251203
251291
251429
251501
251609
251707
251857
251941
252037
252173
252289
252401
252509
252641
252767
252887
252979
253133
253321
253423
253507
253609
253703
253789
253901
253993
254071
254209
254369
254489
254659
254773
254869
254959
255043
255127
255197
255329
255467
255551
255653
255763
255877
255973
256079
256181
256313
256469
256567
256661
256813
256957
257099
257221
257311
257407
257503
257671
257791
257893
258019
258119
258233
258331
258437
258539
258623
258707
258809
258967
259099
259183
259321
259451
259577
259657
259771
259867
260003
260137
260231
260411
260489
260587
260723
260857
260959
261043
261169
261329
261433
261563
261641
261761
261917
262051
262139
262253
262351
262489
262583
262693
262783
262937
263077
263183
263269
263399
263503
263591
263723
263843
263927
264029
264127
264263
264353
264527
264631
264757
264829
264949
265037
265157
265261
265399
265493
265579
265729
265831
265957
266051
266117
266261
266359
266479
266641
266701
266839
266933
267017
267187
267271
267389
267451
267523
267611
267671
267749
267857
267929
268069
268211
268403
268529
268661
268777
268841
268937
269039
269167
269231
269351
269431
269561
269683
269783
269947
270071
270167
270271
270371
270493
270583
270679
270791
270923
271021
271129
271253
271363
271489
271603
271729
271849
271939
272053
272191
272269
272353
272423
272563
272717
272813
272959
273047
273131
273271
273367
273569
273709
273827
273943
274069
274163
274243
274361
274517
274679
274783
274853
274957
275059
275167
275309
275419
275503
275593
275711
275837
275941
276037
276137
276247
276347
276461
276581
276673
276821
276907
277007
277163
277259
277373
277531
277637
277747
277859
277999
278119
278219
278347
278489
278563
278651
278767
278867
278981
279121
279211
279407
279523
279607
279707
279847
279977
280097
280207
280303
280451
280549
280627
280729
280859
280933
281033
281167
281273
281357
281531
281621
281683
281791
281867
281971
282089
282221
282311
282413
282571
282683
282797
282907
283007
283117
283207
283411
283553
283637
283771
283861
284023
284129
284227
284311
284429
284527
284633
284729
284783
284881
285023
285121
285251
285421
285521
285613
285707
285781
285977
286061
286249
286411
286487
286589
286697
286777
286981
287099
287179
287279
287383
287549
287689
287849
287939
288109
288241
288359
288467
288571
288689
288823
288931
289021
289109
289181
289283
289381
289489
289637
289759
289859
289987
290047
290183
290327
290429
290527
290621
290701
290827
290963
291043
291169
291287
291373
291503
291647
291743
291869
291997
292093
292241
292363
292477
292573
292693
292793
292909
293081
293173
293263
293431
293599
293681
293803
293983
294059
294179
294269
294341
294461
294629
294757
294821
294947
295037
295153
295277
295411
295541
295703
295837
295901
295993
296117
296243
296353
296489
296579
296687
296767
296843
296983
297097
297251
297397
297503
297617
297727
297853
297971
298087
298201
298307
298411
298589
298687
298799
298937
299059
299179
299317
299401
299513
299653
299743
299891
299993
300137
300233
300331
300463
300581
300667
300749
300851
300961
301057
301181
301303
301409
301493
301627
301747
301843
301943
302111
302221
302329
302513
302597
302759
302851
302959
303013
303119
303283
303361
303463
303551
303643
303727
303859
303997
304069
304193
304331
304429
304511
304609
304739
304831
304907
305021
305113
305243
305369
305449
305551
305639
305771
305873
306029
306157
306259
306377
306473
306563
306703
306827
306899
307019
307129
307253
307337
307451
307583
307687
307843
308003
308117
308263
308333
308491
308569
308701
308849
308939
309037
309137
309269
309367
309479
309571
309677
309811
309937
310087
310223
310333
310447
310553
310693
310771
310867
310997
311137
311279
311359
311537
311653
311743
311869
312029
312107
312229
312311
312401
312551
312623
312737
312863
312971
313109
313211
313307
313399
313561
313637
313727
313879
313961
314021
314159
314243
314357
314491
314597
314711
314813
314957
315083
315223
315373
315461
315551
315643
315751
315893
316031
316133
316223
316339
316453
316571
316681
316777
316861
316961
317077
317209
317327
317431
317557
317651
317741
317831
317963
318103
318203
318287
318349
318473
318629
318713
318817
318911
319049
319133
319259
319357
319453
319547
319679
319757
319897
319993
320081
320153
320273
320389
320521
320647
320759
320867
321017
321143
321239
321331
321427
321571
321679
321799
321901
322013
322097
322237
322349
322463
322573
322649
322783
322921
323027
323137
323333
323413
323537
323641
323789
323923
324067
324151
324251
324397
324469
324587
324673
324781
324889
324983
325051
325187
325301
325421
325517
325643
325729
325813
325939
326063
326147
326257
326467
326567
326659
326773
326923
327007
327163
327277
327347
327469
327553
327647
327757
327851
327953
328063
328177
328327
328411
328579
328667
328813
328919
329081
329191
329281
329387
329519
329627
329711
329803
329957
330047
330149
330247
330359
330469
330641
330719
330823
330917
331081
331207
331301
331391
331523
331603
331739
331871
331957
332069
332183
332273
332441
332513
332687
332803
332947
333041
333161
333283
333383
333479
333581
333701
333791
333941
334057
334183
334331
334423
334541
334661
334753
334877
334993
335081
335171
335299
335449
335557
335669
335807
335897
336059
336157
336247
336397
336527
336599
336689
336799
336899
337013
337121
337277
337349
337487
337607
337691
337837
337903
338027
338171
338263
338323
338413
338543
338683
338777
338927
339103
339187
339323
339517
339631
339727
339827
340007
340079
340201
340339
340451
340579
340661
340793
340903
340957
341083
341227
341321
341459
341569
341659
341777
341927
342047
342131
342239
342343
342449
342553
342679
342821
342929
343081
343199
343307
343391
343531
343601
343727
343829
343951
344117
344209
344263
344363
344543
344671
344797
344887
344969
345089
345229
345431
345533
345637
345727
345803
345907
346051
346147
346277
346373
346439
346553
346651
346763
346933
347057
347143
347227
347329
347513
347609
347747
347873
347969
348031
348191
348269
348419
348463
348587
348739
348851
348989
349099
349207
349357
349409
349519
349667
349801
349903
349963
350093
350237
350411
350503
350629
350737
350843
350963
351041
351133
351269
351359
351457
351587
351731
351811
351929
352057
352181
352273
352369
352459
352549
352691
352819
352931
353053
353149
353317
353429
353531
353653
353767
353869
353963
354047
354169
354301
354373
354461
354587
354703
354829
354953
355027
355093
355261
355379
355507
355573
355717
355819
355937
356101
356197
356333
356479
356591
356761
356929
357031
357139
357263
357359
357517
357611
357677
357779
357859
358051
358181
358279
358373
358487
358607
358711
358811
358903
358999
359129
359231
359323
359441
359561
359663
359783
360007
360167
360257
360337
360511
360749
360851
360959
361069
361219
361337
361433
361511
361649
361769
361877
361973
362081
362191
362303
362377
362459
362657
362759
362941
363037
363157
363271
363371
363463
363557
363677
363773
363901
363989
364141
364271
364373
364459
364583
364691
364829
364937
365039
365159
365291
365411
365479
365567
365683
365797
365969
366097
366181
366269
366347
366463
366599
366721
366853
366941
367021
367139
367243
367357
367519
367613
367711
367819
367889
368083
368153
368279
368411
368531
368651
368789
368911
369071
369181
369293
369469
369659
369793
369913
370003
370103
370213
370421
370483
370603
370687
370873
371057
371153
371251
371339
371453
371587
371737
371873
371981
372107
372241
372313
372443
372607
372689
372773
372859
372973
373127
373207
373327
373447
373561
373693
373859
373981
374069
374159
374293
374399
374557
374683
374771
374879
374981
375059
375127
375233
375341
375449
375533
375643
375761
375901
376003
376127
376241
376417
376531
376631
376729
376819
376921
377051
377173
377297
377393
377543
377633
377771
377873
378041
378163
378269
378407
378533
378629
378757
378883
378977
379087
379187
379319
379433
379541
379663
379727
379859
379979
380129
380207
380311
380441
380563
380713
380843
380957
381061
381221
381323
381413
381523
381631
381749
381911
382003
382163
382303
382457
382567
382661
382763
382867
382999
383083
383179
383321
383483
383587
383681
383791
383891
383987
384107
384203
384299
384407
384533
384641
384757
384889
385027
385129
385249
385351
385481
385579
385661
385817
385927
386047
386149
386249
386363
386431
386569
386677
386809
386987
387083
387197
387313
387463
387623
387727
387857
388009
388133
388231
388351
388481
388621
388727
388859
388961
389057
389167
389287
389437
389533
389629
389749
389867
389953
390077
390157
390281
390373
390449
390539
390721
390809
390953
391031
391151
391249
391373
391453
391631
391739
391861
391961
392087
392159
392261
392333
392443
392549
392699
392809
392911
393007
393097
393187
393299
393403
393541
393611
393709
393847
393931
394049
394187
394319
394453
394577
394699
394787
394897
395023
395113
395201
395309
395449
395581
395701
395873
396001
396107
396239
396349
396449
396577
396667
396881
396971
397073
397217
397303
397433
397547
397687
397763
397921
398033
398119
398249
398341
398441
398543
398627
398771
398917
399043
399137
399239
399389
399491
399583
399689
399781
399913
400033
400157
400261
400381
400523
400657
400759
400931
401057
401179
401311
401411
401567
401707
401861
401959
402053
402197
402313
402383
402529
402613
402767
402863
403003
403103
403253
403363
403537
403621
403729
403867
403981
404099
404197
404309
404423
404513
404699
404849
405001
405091
405241
405343
405487
405577
405683
405767
405871
405991
406123
406271
406397
406517
406591
406729
406883
407083
407207
407291
407377
407509
407633
407723
407833
407947
408049
408197
408263
408389
408479
408631
408713
408817
408959
409063
409217
409333
409433
409529
409691
409777
409879
409961
410093
410231
410323
410411
410513
410651
410749
410899
411013
411119
411241
411371
411491
411589
411703
411779
411923
412031
412109
412193
412289
412463
412591
412667
412891
413027
413111
413201
413353
413533
413681
413779
413887
414049
414131
414259
414361
414457
414571
414679
414737
414833
414949
415069
415153
415271
415447
415559
415651
415729
415873
415969
416107
416243
416389
416443
416531
416677
416851
417017
417133
417227
417337
417479
417577
417691
417773
417899
418007
418087
418207
418337
418423
418597
418709
418799
418871
418981
419087
419231
419351
419467
419561
419623
419789
419921
420037
420193
420313
420367
420481
420599
420757
420853
420997
421103
421189
421349
421459
421609
421699
421801
421987
422087
422183
422291
422393
422557
422701
422803
422897
423019
423109
423229
423299
423431
423509
423649
423769
423869
424001
424103
424187
424273
424433
424559
424687
424811
424889
425003
425123
425273
425363
425471
425591
425783
425861
425987
426103
426253
426401
426553
426697
426763
426889
426997
427081
427243
427351
427433
427529
427717
427849
427951
428027
428147
428249
428401
428539
428639
428759
428863
429083
429197
429281
429409
429497
429581
429677
429791
429889
429943
430057
430259
430357
430513
430649
430747
430823
430907
431017
431107
431237
431339
431447
431603
431707
431831
431903
432023
432121
432203
432323
432413
432511
432613
432743
432869
432989
433093
433207
433291
433393
433507
433651
433747
433861
434009
434117
434243
434347
434431
434561
434689
434813
434881
434963
435109
435191
435307
435419
435553
435623
435731
435847
435947
436081
436181
436309
436463
436549
436687
436811
436963
437077
437159
437287
437413
437533
437677
437809
437947
438091
438241
438341
438479
438589
438701
438833
438941
439063
439199
439357
439463
439577
439693
439781
439883
439991
440159
440239
440347
440471
440551
440677
440773
440911
441029
441113
441229
441359
441517
441613
441751
441877
442007
442109
442193
442291
442447
442537
442691
442777
442843
442987
443063
443161
443243
443353
443437
443563
443689
443777
443893
443999
444113
444187
444341
444461
444539
444641
444793
444877
444971
445091
445229
445363
445537
445633
445771
445883
446041
446189
446279
446399
446533
446713
446839
446951
447101
447211
447319
447449
447569
447703
447827
447943
448067
448169
448309
448397
448631
448769
448871
448997
449117
449203
449299
449399
449549
449653
449759
449879
449989
450101
450209
450293
450383
450481
450587
450707
450809
450883
450971
451097
451249
451343
451519
451637
451709
451831
451921
452027
452171
452293
452497
452587
452731
452869
453053
453181
453289
453377
453571
453667
453799
453923
454031
454159
454253
454379
454513
454637
454777
454907
455003
455159
455261
455341
455443
455531
455647
455761
455899
455999
456109
456283
456427
456529
456611
456697
456821
456979
457087
457189
457279
457397
457511
457643
457739
457889
458039
458179
458323
458449
458573
458669
458807
458929
458993
459091
459233
459343
459463
459611
459703
459883
460063
460147
460267
460393
460561
460657
460793
460913
460987
461101
461239
461327
461441
461599
461693
461891
462041
462149
462311
462421
462541
462641
462719
462871
462983
463207
463291
463387
463501
463627
463741
463831
463921
464033
464141
464257
464371
464479
464591
464747
464809
464923
464999
465077
465167
465281
465383
465551
465701
465821
465947
466069
466181
466303
466441
466573
466723
466853
467003
467123
467239
467399
467491
467587
467657
467743
467879
467963
468071
468157
468277
468439
468551
468641
468709
468821
468899
469069
469219
469321
469429
469583
469691
469801
469919
470077
470167
470251
470359
470453
470539
470647
470749
470881
470959
471101
471217
471313
471481
471589
471673
471781
471901
472019
472127
472249
472333
472469
472631
472721
472847
472993
473159
473257
473377
473477
473533
473719
473857
473939
474037
474137
474263
474379
474497
474581
474709
474839
474937
475081
475169
475297
475381
475483
475621
475697
475793
475889
475991
476081
476183
476347
476429
476591
476683
476803
476921
477031
477221
477359
477517
477619
477767
477847
477977
478111
478213
478343
478433
478531
478651
478763
478853
478937
479041
479209
479309
479431
479543
479701
479821
479939
480043
480113
480299
480383
480499
480563
480737
480881
480989
481087
481157
481297
481409
481549
481673
481787
481867
482029
482123
482263
482393
482501
482597
482689
482767
482873
483031
483209
483289
483407
483523
483643
483757
483839
483971
484111
484201
484339
484457
484607
484733
484927
485063
485171
485371
485497
485647
485777
485941
486061
486181
486313
486391
486509
486617
486683
486817
486947
487051
487183
487307
487427
487489
487651
487741
487831
487979
488119
488209
488303
488353
488473
488627
488717
488821
488947
489061
489191
489329
489431
489551
489677
489799
489887
489989
490111
490223
490313
490481
490571
490661
490837
490949
491041
491171
491299
491377
491503
491627
491731
491837
491977
492061
492257
492409
492523
492641
492757
492883
493027
493127
493211
493301
493433
493573
493709
493811
493931
494041
494141
494269
494381
494519
494617
494699
494761
494917
495043
495151
495289
495371
495457
495571
495647
495769
495851
495967
496079
496259
496343
496481
496631
496789
496897
497017
497137
497269
497351
497491
497579
497689
497801
497929
498053
498167
498343
498461
498557
498679
498781
498923
499027
499133
499211
499349
499481
499591
499669
499739
499897
500029
500153
500237
500341
500459
500579
500719
500839
500923
501029
501133
501217
501341
501463
501623
501769
501889
502013
502121
502261
502441
502553
502687
502807
502937
503131
503233
503359
503441
503599
503717
503821
503939
504017
504151
504289
504377
504523
504631
504797
504893
504989
505073
505159
505283
505369
505493
505607
505691
505811
505949
506119
506263
506351
506479
506573
506687
506797
506903
507049
507139
507313
507401
507557
507673
507797
507917
508021
508159
508271
508373
508513
508619
508789
508909
508973
509123
509281
509393
509543
509623
509699
509833
509939
510061
510137
510247
510379
510529
510617
510773
510919
511039
511163
511237
511351
511457
511559
511669
511811
511933
512047
512251
512429
512543
512621
512741
512843
512959
513047
513137
513277
513367
513479
513649
513739
513871
514001
514081
514201
514309
514429
514543
514669
514769
514859
515041
515227
515357
515519
515651
515741
515843
515951
516127
516209
516293
516407
516499
516611
516701
516829
516947
517061
517169
517243
517367
517459
517513
517609
517733
517901
518017
518129
518209
518327
518467
518597
518741
518807
518953
519089
519193
519301
519413
519527
519643
519769
519907
519997
520111
520297
520369
520447
520609
520717
520853
520969
521063
521179
521317
521401
521527
521641
521749
521831
521929
522073
522199
522283
522409
522523
522673
522757
522857
522961
523129
523333
523459
523553
523657
523763
523903
524053
524123
524231
524351
524497
524669
524803
524921
524971
525101
525199
525353
525431
525529
525649
525739
525887
525979
526073
526199
526297
526429
526543
526649
526733
526837
526951
527071
527179
527327
527411
527563
527699
527819
527941
528053
528191
528317
528433
528623
528709
528833
528971
529049
529157
529273
529393
529531
529673
529751
529933
530017
530137
530249
530333
530447
530567
530693
530773
530869
531023
531163
531281
531383
531581
531689
531841
531977
532069
532193
532313
532417
532529
532621
532739
532823
532993
533077
533213
533303
533413
533593
533737
533879
533971
534047
534167
534301
534407
534577
534649
534827
534931
535099
535207
535349
535499
535609
535727
535859
535973
536087
536203
536281
536407
536479
536609
536719
536801
536917
537001
537079
537197
537343
537547
537679
537787
537913
538079
538159
538297
538399
538519
538621
538751
538829
538987
539111
539219
539311
539449
539629
539713
539843
540041
540167
540269
540373
540509
540599
540697
540809
540989
541133
541249
541363
541507
541571
541693
541781
541951
542053
542123
542207
542323
542497
542587
542747
542873
542981
543131
543217
543289
543379
543551
543661
543787
543859
543967
544097
544183
544399
544517
544699
544793
544897
545029
545141
545267
545473
545551
545663
545791
545929
546047
546149
546253
546361
546547
546643
546739
546937
547061
547223
547321
547411
547513
547619
547741
547831
547999
548123
548243
548393
548489
548579
548707
548831
548903
549019
549149
549247
549391
549511
549607
549707
549817
549949
550073
550181
550309
550457
550577
550663
550789
550903
550997
551099
551231
551363
551503
551597
551723
551813
551951
552053
552179
552301
552473
552583
552731
552833
552971
553073
553171
553279
553447
553543
553627
553733
553867
553981
554117
554209
554347
554503
554639
554747
554821
554899
555043
555143
555293
555421
555593
555739
555871
556043
556181
556273
556373
556519
556613
556709
556793
556861
556981
557059
557269
557371
557521
557639
557747
557861
558017
558139
558251
558421
558499
558599
558757
558869
558997
559133
559231
559367
559513
559583
559679
559807
559907
560039
560123
560213
560293
560437
560503
560641
560761
560869
560969
561091
561199
561367
561529
561733
561917
562007
562181
562297
562361
562477
562591
562673
562759
562901
562987
563077
563183
563359
563467
563599
563813
563929
564049
564163
564269
564367
564449
564607
564709
564899
564989
565127
565247
565337
565429
565517
565597
565769
565907
566023
566161
566273
566431
566549
566659
566737
566911
567013
567143
567323
567451
567601
567689
567829
567937
568027
568153
568231
568367
568493
568657
568787
568913
569021
569117
569213
569323
569497
569617
569729
569819
569897
570041
570107
570217
570391
570487
570547
570659
570743
570881
570991
571111
571229
571369
571531
571673
571777
571861
571973
572087
572233
572329
572449
572567
572639
572711
572833
572939
573107
573253
573371
573481
573569
573739
573847
573941
574061
574181
574307
574439
574597
574699
574801
574963
575087
575203
575303
575441
575579
575677
575777
575903
576013
576131
576221
576377
576473
576577
576677
576743
576899
577063
577153
577307
577399
577523
577613
577781
577897
577981
578131
578297
578399
578489
578587
578693
578819
578923
579079
579239
579331
579497
579563
579641
579757
579881
579983
580169
580301
580381
580553
580673
580759
580871
580981
581101
581201
581323
581411
581549
581663
581767
581873
582011
582139
582223
582409
582511
582677
582763
582859
582983
583139
583229
583339
583447
583537
583657
583783
583903
584033
584183
584359
584471
584603
584707
584809
584923
585031
585107
585269
585383
585517
585619
585737
585847
585911
586051
586139
586301
586429
586541
586627
586769
586849
586951
587053
587137
587267
587387
587497
587579
587677
587771
587891
587989
588083
588191
588347
588463
588571
588703
588839
588949
589123
589219
589331
589481
589607
589759
589861
590027
590131
590263
590363
590537
590647
590771
590921
591061
591161
591301
591431
591581
591691
591827
591959
592099
592223
592343
592451
592547
592643
592747
592877
592993
593111
593209
593293
593407
593507
593627
593767
593933
594091
594179
594287
594401
594511
594617
594739
594857
594961
595073
595141
595253
595333
595453
595579
595741
595943
596021
596117
596243
596341
596507
596623
596741
596851
596933
597059
597239
597361
597437
597577
597671
597769
597889
598051
598159
598307
598439
598571
598691
598817
598933
599021
599191
599321
599413
599551
599663
599779
599927
600043
600203
600289
600367
600463
600623
600727
600881
600973
601067
601207
601297
601411
601589
601747
601823
601949
602081
602153
602269
602351
602479
602603
602713
602821
602947
603047
603191
603349
603503
603607
603739
603833
603907
603989
604171
604309
604397
604547
604651
604759
604859
604973
605113
605233
605333
605477
605593
605687
605867
605953
606049
606173
606313
606493
606587
606731
606839
606961
607049
607129
607219
607331
607471
607667
607769
607909
607993
608129
608273
608371
608459
608593
608701
608843
608941
609067
609173
609269
609373
609461
609589
609673
609803
609923
610123
610243
610409
610541
610639
610739
610829
610913
611033
611137
611297
611453
611557
611707
611839
611953
612041
612113
612223
612341
612481
612643
612763
612853
612977
613153
613229
613337
613447
613549
613651
613763
613889
614051
614153
614293
614477
614609
614683
614753
614893
615047
615187
615337
615427
615509
615661
615751
615833
615997
616117
616207
616307
616409
616507
616597
616741
616841
616951
617053
617153
617269
617363
617471
617647
617717
617801
617951
618053
618253
618337
618439
618587
618707
618869
619007
619111
619247
619331
619543
619657
619763
619849
619999
620161
620251
620363
620461
620569
620689
620813
620929
621029
621143
621317
621427
621583
621697
621799
621937
622067
622157
622277
622399
622547
622621
622777
622927
623023
623261
623327
623423
623617
623683
623771
623923
624007
624133
624233
624329
624469
624577
624707
624791
624917
625063
625181
625283
625451
625591
625663
625837
625969
626117
626239
626377
626581
626629
626741
626861
626987
627101
627227
627353
627491
627637
627749
627901
628021
628139
628231
628379
628499
628687
628787
628913
629011
629177
629351
629467
629593
629701
629803
629899
629989
630151
630263
630451
630577
630689
630823
630911
631121
631223
631339
631457
631531
631619
631739
631859
631937
632083
632189
632297
632363
632497
632627
632743
632881
632993
633151
633271
633401
633487
633629
633791
633923
634013
634159
634241
634327
634483
634573
634681
634759
634891
635003
635197
635291
635359
635461
635599
635729
635849
635959
636059
636193
636287
636407
636547
636697
636781
636919
637067
637199
637309
637409
637513
637607
637723
637829
638023
638159
638303
638453
638621
638767
638959
639053
639181
639311
639487
639577
639679
639757
639941
640039
640139
640247
640363
640529
640663
640777
640907
640993
641131
641279
641419
641519
641681
641813
641881
642011
642149
642233
642407
642547
642737
642853
642947
643043
643183
643303
643463
643589
643693
643859
643961
644089
644153
644261
644381
644507
644597
644701
644797
644899
645013
645091
645313
645431
645521
645629
645727
645851
645973
646103
646199
646307
646433
646577
646757
646879
646979
647069
647189
647327
647417
647531
647641
647743
647839
647963
648073
648191
648283
648379
648607
648689
648863
648961
649079
649183
649321
649469
649541
649639
649751
649813
649907
650071
650261
650387
650543
650627
650833
650933
651071
651181
651271
651401
651517
651697
651811
651881
652063
652217
652319
652381
652507
652601
652723
652811
652921
652999
653197
653321
653503
653617
653707
653801
653929
654019
654149
654223
654349
654509
654601
654727
654817
654931
655037
655211
655283
655387
655531
655637
655727
655913
656113
656263
656329
656459
656599
656701
656809
656959
657071
657193
657313
657451
657539
657659
657827
657973
658117
658211
658319
658417
658573
658643
658817
658913
659011
659159
659279
659437
659539
659639
659741
659873
659999
660073
660197
660299
660403
660557
660619
660757
660851
660949
661093
661187
661321
661459
661603
661741
661889
661993
662111
662261
662353
662491
662617
662719
662843
662953
663071
663209
663331
663529
663583
663683
663827
663961
664019
664123
664253
664381
664529
664603
664679
664789
664949
665051
665141
665239
665359
665503
665603
665747
665857
666013
666091
666203
666427
666527
666647
666737
666857
666989
667129
667283
667417
667507
667631
667727
667837
667987
668089
668209
668509
668581
668699
668813
668939
669077
669173
669311
669419
669577
669677
669839
669913
670031
670147
670249
670363
670493
670597
670727
670853
670987
671087
671219
671323
671443
671581
671717
671851
671941
672043
672137
672227
672323
672499
672653
672799
672883
672983
673111
673223
673339
673429
673513
673619
673781
673921
674071
674183
674299
674449
674647
674719
674813
674903
675071
675161
675251
675391
675539
675607
675781
675877
675979
676069
676219
676349
676463
676661
676763
676909
676981
677081
677227
677357
677473
677639
677779
677953
678103
678217
678367
678451
678563
678641
678749
678829
678949
679087
679207
679319
679417
679531
679681
679781
679879
679957
680059
680177
680293
680387
680489
680597
680759
680879
681001
681091
681251
681361
681451
681563
681689
681823
681949
682049
682207
682303
682417
682511
682679
682777
683003
683143
683303
683407
683489
683681
683747
683833
683911
684053
684191
684329
684433
684559
684683
684791
684923
685039
685109
685271
685381
685511
685621
685733
685859
686009
686089
686197
686339
686473
686639
686773
686893
686993
687073
687161
687311
687403
687481
687593
687721
687829
687961
688087
688217
688357
688451
688621
688717
688799
688957
689077
689201
689309
689411
689581
689699
689807
689893
689981
690139
690293
690433
690541
690689
690869
691037
691151
691267
691381
691553
691681
691739
691843
691931
692059
692161
692297
692389
692459
692591
692717
692851
692969
693103
693257
693401
693523
693629
693727
693809
693961
694081
694259
694339
694409
694523
694619
694783
694919
695021
695117
695269
695369
695477
695599
695689
695809
695927
696083
696263
696361
696491
696611
696721
696827
696937
697063
697141
697271
697399
697511
697603
697727
697891
697993
698111
698287
698393
698507
698641
698821
698983
699113
699211
699319
699437
699529
699649
699793
699967
700103
700229
700339
700433
700577
700703
700837
700937
701089
701227
701377
701453
701549
701653
701761
701957
702113
702203
702323
702407
702511
702599
702721
702827
702937
703123
703229
703327
703459
703631
703711
703861
703981
704069
704177
704279
704399
704521
704603
704731
704807
704897
705013
705119
705197
705389
705499
705737
705829
705949
706039
706151
706253
706357
706499
706631
706747
706837
706943
707071
707191
707341
707501
707653
707747
707849
707939
708017
708109
708221
708329
708457
708563
708689
708893
708989
709141
709271
709381
709507
709609
709729
709831
709913
710023
710219
710327
710443
710527
710621
710779
710873
710959
711041
711173
711317
711479
711583
711707
711811
711913
712007
712169
712303
712429
712511
712669
712807
712909
713021
713159
713243
713351
713467
713597
713747
713873
713987
714151
714341
714503
714577
714773
714853
714947
715073
715189
715301
715423
715549
715651
715789
715873
715961
716087
716257
716411
716491
716629
716731
716857
716959
717109
717229
717397
717527
717631
717797
717919
718087
718241
718357
718453
718579
718723
718871
719009
719143
719203
719353
719533
719659
719731
719833
719981
720101
720221
720301
720407
720571
720697
720829
720931
721013
721117
721199
721283
721379
721547
721661
721793
721961
722069
722167
722299
722377
722509
722639
722797
722933
723053
723127
723221
723319
723421
723551
723623
723803
723907
723997
724121
724291
724447
724519
724609
724729
724813
724961
725099
725201
725341
725447
725597
725737
725891
725999
726107
726191
726371
726469
726601
726689
726811
726941
727049
727183
727271
727399
727501
727673
727763
727877
728017
728191
728317
728477
728579
728713
728831
728891
728969
729139
729269
729373
729503
729587
729679
729791
729941
730049
730237
730399
730559
730637
730781
730853
730973
731117
731233
731327
731501
731603
731719
731821
731911
732041
732181
732239
732331
732509
732689
732817
732923
733097
733169
733301
733391
733511
733687
733823
733919
734003
734159
734263
734401
734479
734653
734743
734869
734959
735083
735181
735283
735389
735467
735649
735739
735883
736007
736093
736247
736367
736441
736679
736823
736937
737047
737147
737281
737411
737509
737617
737729
737843
737969
738107
738223
738373
738469
738589
738781
738877
738989
739099
739187
739303
739379
739493
739603
739751
739853
739969
740123
740237
740371
740521
740651
740717
740923
741043
741127
741253
741413
741509
741667
741803
741883
742037
742193
742253
742381
742531
742657
742757
742913
743047
743143
743221
743339
743573
743711
743837
743947
744127
744253
744397
744547
744677
744811
744941
745051
745201
745343
745529
745649
745747
745931
746023
746129
746209
746329
746483
746597
746749
746869
746969
747139
747283
747407
747499
747611
747763
747863
747979
748133
748271
748379
748513
748633
748723
748823
748921
749069
749167
749267
749393
749467
749701
749807
749923
750077
750157
750287
750457
750613
750719
750817
750977
751103
751189
751291
751357
751481
751631
751727
751823
751921
752053
752183
752281
752413
752519
752681
752803
752891
753019
753161
753353
753461
753589
753689
753793
753937
754043
754121
754217
754301
754417
754549
754709
754829
754939
755033
755147
755273
755387
755483
755617
755767
755879
756053
756191
756293
756443
756601
756703
756853
757019
757181
757307
757409
757517
757661
757793
757937
758071
758189
758273
758393
758519
758633
758741
758851
758969
759089
759193
759359
759467
759571
759653
759739
759911
760043
760153
760241
760367
760489
760567
760723
760847
760951
761087
761203
761297
761399
761477
761591
761689
761833
761977
762053
762241
762379
762529
762647
762791
762901
763013
763123
763267
763403
763493
763601
763739
763843
763927
764021
764143
764273
764399
764563
764683
764839
764969
765043
765139
765227
765313
765439
765577
765707
765847
765913
766049
766169
766261
766369
766471
766559
766739
766861
766943
767093
767243
767357
767513
767603
767747
767843
768013
768133
768203
768343
768409
768541
768643
768799
768931
769039
769159
769289
769423
769547
769661
769781
769943
770041
770123
770233
770387
770527
770597
770761
770863
770971
771049
771209
771301
771439
771553
771643
771781
771937
772061
772169
772333
772439
772571
772669
772847
772949
773057
773207
773317
773453
773569
773683
773821
773909
774017
774131
774223
774343
774541
774661
774779
774857
775037
775147
775267
775417
775573
775681
775811
775949
776099
776183
776317
776471
776563
776749
776869
776987
777109
777191
777313
777421
777551
777671
777787
777911
778061
778153
778301
778397
778523
778633
778717
778831
778933
779063
779189
779347
779521
779599
779707
779827
779971
780061
780223
780379
780499
780667
780799
780869
780973
781087
781211
781309
781399
781511
781607
781741
781883
781987
782083
782149
782267
782393
782539
782707
782891
783011
783137
783257
783361
783529
783641
783719
783781
783931
784109
784219
784327
784423
784513
784627
784789
784919
785093
785167
785293
785353
785483
785591
785731
785839
785963
786077
786223
786349
786547
786673
786803
786931
787043
787139
787289
787433
787519
787639
787771
787879
788009
788093
788213
788353
788413
788531
788659
788819
788927
789017
789121
789311
789419
789571
789673
789793
789961
790057
790199
790327
790421
790529
790649
790753
790879
790997
791099
791233
791347
791473
791627
791797
791899
792023
792107
792229
792301
792443
792559
792643
792713
792893
792991
793181
793327
793487
793561
793691
793777
793901
794009
794089
794173
794249
794449
794543
794657
794831
794999
795101
795211
795329
795493
795601
795703
795797
795931
796009
796177
796303
796391
796541
796657
796769
796853
796951
797039
797161
797333
797497
797569
797681
797813
797947
798079
798173
798257
798403
798521
798667
798773
798937
799093
799291
799369
799507
799621
799739
799853
799993
800113
800209
800311
800441
800533
800621
800693
800783
800953
801019
801179
801331
801421
801569
801701
801833
802007
802129
802189
802387
802531
802651
802777
802909
803053
803207
803333
803447
803549
803669
803849
803963
804073
804179
804313
804443
804553
804653
804767
804893
804997
805081
805187
805289
805381
805501
805589
805757
805873
806011
806107
806233
806363
806483
806639
806801
806947
807089
807197
807337
807463
807539
807707
807869
807973
808153
808267
808373
808517
808627
808739
808867
809041
809173
809261
809377
809453
809581
809741
809821
809917
810059
810193
810319
810391
810487
810571
810737
810881
810973
811147
811241
811379
811511
811637
811747
811871
811991
812129
812233
812347
812431
812527
812681
812807
813017
813107
813221
813311
813443
813583
813749
813871
814007
814069
814199
814337
814469
814579
814717
814829
814937
815063
815251
815351
815471
815587
815681
815851
815977
816113
816203
816329
816469
816593
816763
816857
816929
817051
817151
817279
817403
817561
817711
817793
817897
818017
818173
818303
818383
818569
818707
818897
819029
819157
819263
819389
819457
819523
819653
819769
819853
820037
820163
820247
820349
820459
820619
820711
820837
820969
821069
821153
821311
821461
821573
821753
821851
821971
822079
822197
822299
822383
822551
822611
822721
822803
822901
823033
823201
823309
823451
823553
823663
823741
823831
823981
824081
824227
824401
824501
824651
824753
824893
824981
825067
825199
825287
825397
825509
825613
825733
825857
825991
826093
826211
826351
826477
826603
826697
826799
826921
827023
827161
827327
827461
827599
827741
827843
827929
828043
828133
828371
828523
828673
828757
828871
828967
829111
829223
829399
829547
829687
829789
829877
830041
830177
830311
830387
830497
830591
830741
830861
830981
831091
831239
831373
831529
831617
831683
831769
831881
832003
832141
832297
832379
832487
832621
832693
832771
832913
832987
833171
833281
833429
833537
833689
833801
833923
834059
834199
834311
834511
834623
834761
834859
834991
835123
835313
835427
835553
835663
835811
835909
835993
836149
836233
836351
836497
836657
836747
836861
836971
837107
837283
837409
837521
837673
837817
837943
838091
838171
838379
838459
838583
838667
838781
838919
838993
839203
839351
839459
839563
839653
839809
839911
840061
840181
840289
840457
840589
840727
840839
840943
841063
841189
841259
841349
841541
841663
841859
841979
842081
842167
842293
842383
842473
842551
842729
842857
842977
843113
843229
843361
843461
843587
843701
843823
844001
844121
844199
844321
844453
844513
844621
844763
844897
845027
845179
845279
845381
845567
845729
845879
845981
846137
846259
846389
846487
846667
846779
846919
846997
847097
847193
847283
847453
847549
847681
847813
847949
848101
848213
848383
848473
848599
848707
848803
848909
849019
849131
849241
849391
849571
849703
849829
849943
850043
850147
850253
850351
850439
850631
850807
850951
851087
851197
851293
851387
851507
851633
851749
851843
852013
852151
852253
852391
852563
852661
852793
852871
852997
853123
853289
853439
853597
853733
853823
853949
854053
854149
854327
854419
854533
854683
854881
854963
855119
855241
855359
855461
855619
855721
855851
855947
856081
856181
856309
856417
856529
856693
856787
856897
856993
857081
857221
857341
857459
857581
857713
857839
857957
858083
858223
858301
858463
858623
858757
858877
858989
859091
859259
859373
859513
859619
859751
859861
859987
860087
860291
860357
860441
860581
860701
860819
860929
861031
861121
861293
861439
861571
861703
861823
861907
862013
862139
862229
862297
862409
862493
862607
862769
862909
862997
863143
863309
863521
863689
863801
863897
864013
864103
864191
864301
864419
864541
864641
864793
864947
865049
865159
865259
865349
865493
865637
865741
865817
865933
866051
866123
866309
866461
866639
866737
866857
866969
867091
867227
867319
867431
867547
867631
867743
867871
868039
868151
868271
868379
868489
868603
868741
868849
868943
869053
869179
869299
869413
869521
869663
869779
869899
870031
870137
870239
870367
870479
870601
870739
870853
870953
871061
871249
871459
871597
871687
871883
872017
872107
872189
872281
872393
872479
872621
872747
872951
873083
873247
873359
873469
873617
873709
873877
874063
874151
874301
874403
874547
874673
874763
874859
875011
875183
875267
875341
875447
875579
875663
875759
875893
876013
876103
876199
876311
876443
876607
876721
876817
876947
877111
877237
877351
877463
877619
877823
877907
878039
878147
878221
878387
878539
878641
878743
878837
878957
879097
879199
879299
879449
879607
879679
879797
879919
880027
880127
880249
880361
880519
880603
880723
880823
880949
881057
881171
881273
881407
881509
881663
881833
881983
882071
882199
882359
882461
882593
882719
882877
882967
883111
883231
883331
883429
883577
883697
883783
883973
884087
884227
884311
884437
884573
884717
884881
885023
885133
885251
885383
885497
885611
885791
885883
885961
886031
886183
886313
886429
886519
886619
886777
886913
887017
887153
887291
887441
887569
887657
887743
887903
888011
888143
888263
888389
888469
888637
888751
888857
888967
889051
889237
889337
889439
889631
889747
889901
890003
890119
890287
890437
890597
890737
890861
890957
891061
891179
891349
891481
891559
891643
891763
891851
891967
892091
892189
892321
892471
892597
892733
892849
892999
893099
893183
893339
893419
893567
893719
893873
893999
894137
894209
894281
894409
894527
894643
894779
894947
895079
895211
895309
895393
895553
895667
895757
895841
895957
896113
896297
896417
896531
896633
896783
896953
897067
897191
897307
897443
897553
897629
897751
897899
898063
898153
898241
898327
898477
898561
898717
898853
898987
899161
899263
899447
899617
899753
899881
900007
900143
900253
900397
900553
900623
900743
900863
900997
901111
901211
901339
901451
901547
901717
901861
901993
902089
902263
902389
902507
902639
902761
902873
903017
903163
903323
903421
903547
903691
903841
904019
904103
904217
904369
904517
904633
904697
904793
904901
905011
905143
905213
905347
905507
905651
905759
905909
906013
906179
906289
906377
906481
906601
906707
906809
906923
907063
907183
907267
907391
907471
907589
907717
907813
907957
908071
908197
908359
908471
908543
908627
908759
908857
908953
909061
909173
909289
909371
909481
909613
909743
909833
909917
910097
910177
910307
910519
910631
910781
910939
911077
911167
911249
911357
911503
911663
911749
911861
911957
912083
912227
912391
912469
912539
912797
912869
912979
913139
913321
913441
913589
913799
913981
914189
914293
914371
914519
914609
914737
914843
914951
915067
915199
915301
915487
915611
915727
915869
915991
916109
916189
916337
916457
916561
916703
916871
916999
917101
917209
917317
917461
917593
917689
917783
917869
918019
918143
918257
918353
918469
918613
918751
918857
918971
919081
919223
919337
919427
919621
919769
919901
919979
920149
920267
920377
920473
920651
920753
920863
920999
921121
921203
921353
921497
921629
921743
921871
921989
922073
922223
922321
922457
922549
922643
922781
922993
923129
923203
923347
923449
923551
923641
923789
923929
923987
924083
924241
924383
924493
924617
924719
924793
924907
925051
925117
925217
925349
925469
925579
925679
925843
925961
926089
926179
926327
926437
926561
926669
926797
926921
927049
927187
927323
927517
927643
927763
927853
928063
928159
928289
928427
928559
928651
928799
928913
929051
929129
929251
929389
929501
929609
929717
929813
929963
930089
930197
930301
930481
930593
930737
930859
931003
931163
931289
931421
931577
931739
931849
931933
932051
932189
932303
932431
932537
932609
932779
932917
932999
933157
933269
933403
933553
933703
933817
933943
934039
934121
934259
934403
934517
934603
934733
934853
934939
935059
935183
935339
935443
935587
935687
935791
935971
936151
936253
936391
936499
936619
936731
936869
936967
937127
937243
937459
937589
937667
937789
937891
938017
938083
938233
938341
938453
938591
938803
938921
939007
939157
939293
939391
939551
939707
939793
939931
940067
940201
940301
940421
940547
940703
940801
940913
941023
941153
941251
941383
941489
941573
941671
941791
941947
942041
942163
942269
942433
942569
942691
942827
942901
943043
943153
943277
943367
943499
943637
943769
943843
944003
944147
944263
944417
944521
944609
944717
944873
944987
945209
945359
945463
945601
945733
945851
945943
946081
946193
946367
946487
946661
946741
946861
946969
947137
947341
947411
947539
947659
947773
947893
948029
948139
948281
948403
948517
948707
948853
948973
949111
949241
949409
949513
949631
949699
949889
949967
950041
950207
950329
950459
950527
950671
950753
950869
951001
951089
951221
951361
951469
951589
951749
951893
952037
952141
952247
952379
952513
952657
952753
952873
952967
953081
953237
953399
953507
953647
953789
953929
954043
954181
954269
954391
954517
954677
954829
954923
955051
955153
955271
955379
955483
955693
955793
955901
955991
956143
956303
956399
956617
956801
956941
957043
957139
957263
957413
957563
957703
957823
957959
958057
958213
958343
958439
958543
958669
958807
958901
959083
959207
959323
959449
959561
959689
959831
959927
960053
960173
960329
960493
960593
960703
960863
960991
961091
961151
961273
961427
961531
961637
961729
961811
961927
962011
962161
962309
962461
962569
962671
962789
962909
963043
963187
963299
963379
963559
963689
963763
963863
964009
964153
964267
964357
964507
964609
964757
964883
964973
965117
965197
965329
965443
965567
965711
965851
966011
966191
966271
966373
966463
966583
966727
966893
966997
967201
967333
967451
967583
967739
967843
967951
968063
968159
968273
968381
968501
968641
968761
968909
969041
969167
969301
969431
969509
969671
969767
969889
970031
970133
970259
970421
970537
970667
970799
970883
970987
971063
971171
971281
971389
971501
971651
971767
971917
972001
972119
972221
972329
972427
972577
972679
972833
972977
973069
973213
973367
973487
973657
973789
973919
974107
974179
974317
974431
974531
974651
974761
974867
974969
975053
975193
975313
975433
975553
975691
975827
975943
976093
976211
976351
976477
976571
976709
976883
977047
977191
977323
977437
977609
977761
977897
978037
978091
978217
978337
978449
978569
978697
978839
978947
979093
979201
979313
979403
979543
979757
979919
980081
980197
980377
980489
980599
980729
980893
981011
981091
981221
981319
981451
981577
981697
981817
981961
982097
982187
982337
982489
982621
982769
982847
982981
983149
983243
983371
983461
983581
983783
983863
984017
984149
984323
984391
984481
984611
984757
984913
985027
985177
985307
985447
985529
985657
985781
985921
985997
986143
986239
986411
986519
986599
986729
986837
986959
987053
987143
987299
987473
987599
987803
987971
988061
988199
988297
988439
988571
988661
988789
988937
989099
989279
989377
989507
989647
989777
989873
989971
990053
990259
990329
990397
990547
990707
990851
990967
991063
991181
991327
991453
991579
991693
991817
991931
991999
992141
992269
992417
992549
992701
992857
992947
993103
993217
993323
993467
993617
993793
993907
994027
994163
994249
994339
994471
994603
994717
994837
994933
995081
995243
995369
995471
995591
995699
995881
995987
996119
996209
996323
996487
996617
996763
996881
997013
997097
997151
997273
997369
997541
997637
997741
997879
997991
998111
998237
998381
998513
998633
998749
998861
998969
999083
999221
999371
999521
999631
999769
999953
1000081
1000187
1000289
1000397
1000537
1000639
1000763
1000907
1001017
1001107
1001237
1001347
1001447
1001563
1001683
1001809
1001977
1002083
1002191
1002341
1002433
1002517
1002647
1002767
1002853
1002929
1003087
1003199
1003349
1003417
1003601
1003729
1003817
1003931
1004077
1004221
1004363
1004483
1004657
1004747
1004963
1005049
1005161
1005269
1005373
1005481
1005617
1005709
1005931
1006063
1006169
1006241
1006331
1006433
1006543
1006651
1006847
1006937
1007059
1007173
1007317
1007441
1007597
1007711
1007771
1007873
1007977
1008131
1008233
1008353
1008437
1008563
1008701
1008829
1008913
1009037
1009163
1009259
1009361
1009483
1009601
1009727
1009859
1009993
1010143
1010329
1010461
1010579
1010747
1010809
1010929
1011067
1011167
1011281
1011397
1011587
1011677
1011799
1011961
1012087
1012189
1012279
1012411
1012489
1012591
1012679
1012769
1012931
1013053
1013249
1013401
1013533
1013671
1013767
1013851
1014007
1014137
1014257
1014341
1014487
1014631
1014749
1014877
1015039
1015097
1015277
1015423
1015501
1015601
1015739
1015871
1015991
1016083
1016201
1016341
1016453
1016599
1016749
1016881
1016971
1017119
1017227
1017329
1017439
1017607
1017713
1017847
1017997
1018177
1018301
1018447
1018621
1018711
1018813
1018937
1019033
1019177
1019281
1019411
1019503
1019647
1019723
1019827
1019971
1020059
1020163
1020337
1020431
1020589
1020743
1020841
1020961
1021019
1021127
1021259
1021327
1021417
1021571
1021711
1021837
1021973
1022123
1022209
1022381
1022501
1022611
1022719
1022869
1022981
1023107
1023229
1023313
1023413
1023557
1023731
1023871
1024031
1024171
1024321
1024421
1024577
1024697
1024843
1024943
1025039
1025147
1025257
1025347
1025459
1025561
1025693
1025819
1025929
1026073
1026217
1026331
1026439
1026581
1026709
1026847
1026943
1027067
1027199
1027321
1027471
1027591
1027727
1027799
1028011
1028099
1028191
1028303
1028437
1028581
1028747
1028873
1028999
1029151
1029263
1029359
1029481
1029569
1029689
1029839
1029953
1030039
1030157
1030307
1030441
1030619
1030751
1030831
1030957
1031119
1031291
1031423
1031521
1031633
1031759
1031981
1032151
1032307
1032397
1032509
1032617
1032727
1032841
1032959
1033063
1033223
1033339
1033423
1033499
1033631
1033759
1033843
1034069
1034183
1034251
1034381
1034503
1034639
1034783
1034863
1034989
1035163
1035277
1035403
1035479
1035607
1035743
1035949
1036067
1036163
1036267
1036349
1036493
1036631
1036757
1036873
1036991
1037129
1037297
1037437
1037557
1037681
1037819
1037941
1038043
1038199
1038269
1038421
1038563
1038643
1038797
1038941
1039067
1039187
1039349
1039481
1039651
1039817
1039949
1040071
1040161
1040327
1040447
1040581
1040747
1040813
1040899
1041077
1041151
1041253
1041343
1041511
1041617
1041757
1041863
1041991
1042103
1042211
1042333
1042469
1042607
1042709
1042861
1043023
1043173
1043291
1043453
1043557
1043663
1043767
1043873
1044019
1044149
1044227
1044347
1044443
1044583
1044733
1044809
1044893
1045043
1045153
1045273
1045397
1045523
1045621
1045739
1045907
1046069
1046203
1046369
1046497
1046641
1046791
1046917
1047043
1047133
1047271
1047341
1047491
1047647
1047713
1047841
1047971
1048049
1048213
1048361
1048549
1048627
1048783
1048889
1049039
1049129
1049201
1049387
1049497
1049603
1049707
1049837
1049941
1050053
1050229
1050331
1050451
1050631
1050781
1050949
1051051
1051177
1051333
1051481
1051601
1051709
1051829
1051957
1052083
1052221
1052321
1052473
1052567
1052743
1052873
1053007
1053103
1053271
1053421
1053529
1053617
1053757
1053967
1054049
1054199
1054303
1054381
1054517
1054621
1054733
1054927
1055077
1055231
1055359
1055437
1055597
1055741
1055867
1055959
1056071
1056179
1056311
1056401
1056541
1056641
1056793
1056929
1057051
1057219
1057367
1057493
1057631
1057741
1057907
1058021
1058147
1058257
1058381
1058503
1058639
1058723
1058803
1058983
1059073
1059197
1059293
1059437
1059571
1059703
1059833
1059941
1060097
1060229
1060349
1060421
1060519
1060687
1060867
1061057
1061149
1061297
1061413
1061573
1061677
1061773
1061897
1062013
1062253
1062407
1062557
1062701
1062869
1062949
1063043
1063177
1063303
1063453
1063541
1063637
1063757
1063871
1063961
1064059
1064191
1064317
1064411
1064533
1064689
1064813
1064953
1065041
1065137
1065313
1065479
1065601
1065733
1065839
1065949
1066133
1066267
1066343
1066511
1066621
1066757
1066889
1067009
1067147
1067293
1067411
1067537
1067639
1067749
1067851
1067999
1068131
1068253
1068367
1068469
1068611
1068713
1068817
1068941
1069099
1069217
1069363
1069499
1069573
1069667
1069811
1069933
1070033
1070189
1070257
1070357
1070471
1070561
1070753
1070873
1071047
1071157
1071253
1071373
1071457
1071589
1071739
1071857
1071979
1072163
1072339
1072439
1072627
1072811
1072901
1072991
1073117
1073213
1073351
1073461
1073593
1073717
1073869
1074001
1074109
1074277
1074379
1074523
1074673
1074761
1074901
1074977
1075079
1075169
1075279
1075409
1075499
1075621
1075693
1075787
1076003
1076077
1076171
1076323
1076443
1076519
1076671
1076821
1076921
1077127
1077289
1077413
1077563
1077719
1077821
1077917
1078031
1078163
1078367
1078471
1078681
1078789
1078919
1079011
1079093
1079227
1079339
1079461
1079593
1079681
1079821
1079929
1080029
1080097
1080251
1080329
1080449
1080557
1080713
1080803
1080901
1081027
1081127
1081243
1081351
1081513
1081699
1081771
1081891
1082023
1082143
1082231
1082381
1082527
1082621
1082729
1082971
1083077
1083193
1083311
1083409
1083541
1083707
1083833
1083923
1084067
1084217
1084333
1084469
1084609
1084697
1084817
1084949
1085053
1085159
1085353
1085473
1085663
1085779
1085881
1086073
1086161
1086259
1086353
1086469
1086607
1086731
1086881
1086991
1087147
1087309
1087451
1087561
1087687
1087799
1087903
1088027
1088159
1088293
1088431
1088537
1088639
1088749
1088851
1088993
1089161
1089313
1089463
1089611
1089757
1089943
1090099
1090213
1090381
1090471
1090627
1090769
1090883
1090949
1091033
1091149
1091243
1091339
1091413
1091551
1091659
1091777
1091939
1092067
1092181
1092307
1092391
1092493
1092677
1092829
1092919
1093061
1093159
1093273
1093381
1093529
1093637
1093723
1093837
1093951
1094047
1094131
1094299
1094437
1094539
1094629
1094711
1094833
1094957
1095067
1095223
1095343
1095461
1095569
1095727
1095821
1095947
1096097
1096219
1096379
1096493
1096609
1096763
1096861
1096999
1097111
1097221
1097377
1097501
1097633
1097743
1097879
1097983
1098133
1098269
1098401
1098511
1098673
1098821
1099057
1099177
1099309
1099411
1099507
1099619
1099723
1099807
1099957
1100063
1100167
1100279
1100419
1100513
1100681
1100833
1100921
1101127
1101299
1101403
1101509
1101593
1101697
1101839
1101941
1102111
1102201
1102307
1102441
1102553
1102693
1102823
1102903
1103009
1103119
1103257
1103437
1103549
1103621
1103797
1103923
1104101
1104203
1104319
1104427
1104559
1104703
1104769
1104853
1104959
1105157
1105231
1105343
1105519
1105607
1105669
1105823
1105943
1106101
1106213
1106311
1106447
1106543
1106687
1106801
1106923
1107031
1107167
1107347
1107479
1107571
1107751
1107811
1107929
1108073
1108201
1108321
1108447
1108537
1108609
1108717
1108781
1108957
1109117
1109243
1109351
1109477
1109609
1109761
1109869
1109987
1110103
1110271
1110397
1110521
1110611
1110743
1110887
1110971
1111043
1111169
1111283
1111399
1111531
1111651
1111741
1111897
1112017
1112129
1112239
1112359
1112483
1112581
1112689
1112789
1112921
1113029
1113173
1113257
1113421
1113569
1113719
1113863
1113971
1114111
1114271
1114397
1114523
1114651
1114733
1114859
1114973
1115099
1115267
1115363
1115467
1115567
1115683
1115773
1115923
1116107
1116277
1116371
1116499
1116637
1116809
1116937
1117033
1117169
1117301
1117451
1117553
1117673
1117769
1117877
1117973
1118063
1118197
1118339
1118497
1118659
1118797
1118867
1118987
1119121
1119319
1119523
1119649
1119779
1119871
1120073
1120211
1120319
1120459
1120541
1120633
1120727
1120807
1120913
1121023
1121147
1121257
1121377
1121509
1121689
1121837
1122001
1122131
1122259
1122397
1122529
1122659
1122811
1122997
1123211
1123319
1123427
1123531
1123631
1123729
1123879
1123961
1124107
1124219
1124351
1124449
1124639
1124749
1124867
1125013
1125143
1125253
1125379
1125479
1125599
1125767
1125907
1126031
1126219
1126357
1126457
1126561
1126669
1126823
1126963
1127081
1127197
1127303
1127383
1127513
1127617
1127773
1127891
1128037
1128209
1128299
1128433
1128553
1128641
1128727
1128811
1128943
1129043
1129187
1129333
1129459
1129561
1129699
1129819
1129951
1130057
1130257
1130351
1130471
1130627
1130719
1130819
1130963
1131113
1131223
1131331
1131437
1131553
1131721
1131821
1131913
1132003
1132199
1132393
1132487
1132583
1132667
1132793
1132933
1133017
1133173
1133261
1133387
1133533
1133651
1133789
1133893
1133989
1134137
1134239
1134391
1134487
1134611
1134719
1134877
1135007
1135093
1135217
1135327
1135439
1135633
1135751
1135873
1135969
1136089
1136221
1136339
1136459
1136609
1136699
1136831
1136969
1137109
1137229
1137341
1137529
1137667
1137803
1137887
1137991
1138147
1138391
1138457
1138639
1138733
1138849
1138979
1139087
1139249
1139329
1139483
1139573
1139741
1139861
1139989
1140143
1140281
1140389
1140533
1140677
1140847
1140949
1141031
1141103
1141243
1141319
1141447
1141573
1141757
1141901
1142021
1142161
1142279
1142389
1142549
1142707
1142833
1142929
1143053
1143143
1143269
1143433
1143587
1143719
1143887
1144019
1144163
1144277
1144379
1144499
1144607
1144727
1144889
1144981
1145107
1145227
1145329
1145461
1145621
1145747
1145873
1146071
1146263
1146407
1146529
1146697
1146781
1146833
1146947
1147067
1147187
1147253
1147387
1147463
1147591
1147717
1147903
1148047
1148249
1148359
1148527
1148677
1148753
1148933
1149007
1149163
1149259
1149413
1149527
1149619
1149773
1149913
1150027
1150141
1150229
1150403
1150531
1150651
1150739
1150847
1150939
1151063
1151177
1151287
1151399
1151483
1151629
1151729
1151881
1152029
1152149
1152313
1152421
1152631
1152751
1152857
1152997
1153099
1153199
1153267
1153429
1153531
1153643
1153777
1153973
1154129
1154239
1154339
1154473
1154579
1154737
1154893
1155017
1155149
1155263
1155431
1155577
1155653
1155823
1155919
1155977
1156073
1156217
1156307
1156427
1156541
1156681
1156783
1156927
1157063
1157183
1157257
1157363
1157503
1157641
1157749
1157851
1158007
1158161
1158293
1158401
1158491
1158607
1158683
1158823
1158961
1159073
1159199
1159303
1159447
1159597
1159787
1159901
1160039
1160167
1160287
1160407
1160491
1160611
1160807
1160941
1161031
1161137
1161241
1161397
1161487
1161553
1161691
1161833
1161931
1162067
1162229
1162339
1162481
1162559
1162649
1162751
1162877
1162957
1163039
1163137
1163231
1163339
1163483
1163611
1163699
1163791
1163947
1164067
1164199
1164409
1164503
1164599
1164731
1164853
1164991
1165081
1165193
1165303
1165447
1165667
1165789
1165889
1165951
1166093
1166227
1166401
1166527
1166603
1166729
1166849
1166987
1167157
1167277
1167391
1167559
1167659
1167763
1167841
1167953
1168151
1168261
1168397
1168501
1168693
1168819
1168919
1169011
1169149
1169281
1169383
1169491
1169633
1169759
1169899
1170049
1170137
1170271
1170437
1170541
1170649
1170727
1170853
1171033
1171123
1171253
1171427
1171553
1171669
1171813
1171967
1172027
1172179
1172351
1172447
1172539
1172683
1172819
1172953
1173101
1173223
1173397
1173539
1173617
1173827
1173947
1174073
1174211
1174307
1174441
1174519
1174669
1174763
1174883
1175003
1175143
1175297
1175417
1175569
1175683
1175791
1175887
1175989
1176121
1176239
1176397
1176529
1176641
1176779
1176899
1177027
1177153
1177237
1177433
1177529
1177637
1177739
1177877
1178017
1178123
1178201
1178273
1178447
1178591
1178699
1178803
1178927
1179011
1179193
1179289
1179383
1179499
1179599
1179793
1179901
1179991
1180087
1180171
1180313
1180427
1180577
1180709
1180811
1180897
1180979
1181093
1181209
1181321
1181501
1181611
1181731
1181893
1182007
1182157
1182341
1182431
1182509
1182679
1182767
1182901
1183031
1183151
1183241
1183381
1183477
1183613
1183759
1183877
1183993
1184083
1184207
1184347
1184429
1184527
1184671
1184837
1184947
1185089
1185281
1185361
1185493
1185617
1185683
1185797
1185893
1186049
1186121
1186291
1186439
1186621
1186751
1186879
1187047
1187189
1187311
1187383
1187489
1187629
1187723
1187839
1187941
1188037
1188169
1188269
1188377
1188553
1188653
1188769
1188937
1189057
1189163
1189301
1189453
1189603
1189651
1189789
1189897
1190029
1190177
1190347
1190489
1190611
1190737
1190837
1190951
1191079
1191163
1191293
1191439
1191571
1191691
1191781
1191941
1192073
1192181
1192259
1192391
1192549
1192679
1192831
1192909
1193047
1193173
1193299
1193443
1193557
1193693
1193767
1193869
1193993
1194161
1194293
1194421
1194547
1194679
1194797
1194899
1195021
1195141
1195237
1195463
1195567
1195709
1195811
1195979
1196119
1196267
1196359
1196509
1196609
1196773
1196873
1197017
1197113
1197221
1197337
1197433
1197601
1197751
1197923
1198037
1198133
1198259
1198363
1198469
1198621
1198793
1198927
1199069
1199183
1199371
1199461
1199573
1199663
1199789
1199893
1200007
1200187
1200359
1200449
1200607
1200739
1200883
1200989
1201073
1201171
1201307
1201489
1201601
1201729
1201909
1202027
1202129
1202251
1202363
1202483
1202627
1202791
1202863
1203067
1203193
1203329
1203463
1203607
1203733
1203817
1203919
1204019
1204171
1204337
1204471
1204607
1204741
1204883
1205089
1205219
1205411
1205527
1205639
1205717
1205891
1206013
1206151
1206229
1206353
1206479
1206619
1206731
1206809
1207033
1207123
1207267
1207363
1207489
1207649
1207883
1208017
1208117
1208239
1208387
1208561
1208689
1208821
1208957
1209113
1209223
1209337
1209469
1209587
1209739
1209841
1209979
1210093
1210207
1210387
1210441
1210609
1210777
1210871
1210939
1211059
1211207
1211381
1211501
1211599
1211677
1211767
1211863
1212017
1212173
1212283
1212401
1212517
1212677
1212781
1212857
1212973
1213063
1213153
1213327
1213481
1213601
1213673
1213829
1213921
1214047
1214167
1214281
1214417
1214533
1214657
1214737
1214909
1214981
1215157
1215283
1215397
1215497
1215629
1215743
1215881
1216067
1216213
1216379
1216489
1216591
1216751
1216847
1216951
1217053
1217119
1217213
1217317
1217467
1217561
1217719
1217861
1217947
1218157
1218251
1218391
1218487
1218649
1218773
1218913
1219081
1219237
1219343
1219481
1219619
1219717
1219789
1219859
1219931
1220041
1220251
1220393
1220599
1220729
1220819
1220969
1221083
1221197
1221379
1221469
1221559
1221707
1221823
1222019
1222159
1222267
1222471
1222583
1222681
1222789
1222913
1223039
1223177
1223281
1223437
1223549
1223689
1223857
1223977
1224089
1224203
1224281
1224437
1224637
1224809
1224893
1225009
1225099
1225183
1225331
1225507
1225591
1225723
1225879
1225949
1226077
1226209
1226321
1226471
1226581
1226681
1226783
1226861
1227053
1227173
1227329
1227491
1227659
1227833
1227943
1228021
1228181
1228303
1228399
1228541
1228631
1228789
1228919
1229021
1229159
1229269
1229353
1229461
1229597
1229743
1229911
1230029
1230223
1230337
1230391
1230539
1230689
1230869
1231001
1231099
1231207
1231303
1231387
1231487
1231613
1231733
1231829
1231961
1232171
1232299
1232411
1232537
1232689
1232849
1232983
1233121
1233263
1233431
1233527
1233611
1233763
1233949
1234109
1234253
1234393
1234547
1234747
1234819
1234967
1235099
1235191
1235309
1235431
1235539
1235711
1235867
1235981
1236203
1236337
1236491
1236629
1236737
1236803
1237001
1237091
1237211
1237309
1237441
1237531
1237721
1237843
1237949
1238071
1238189
1238327
1238431
1238551
1238693
1238789
1238911
1239041
1239197
1239323
1239421
1239523
1239619
1239761
1239913
1240009
1240139
1240241
1240387
1240543
1240699
1240777
1240973
1241077
1241249
1241351
1241437
1241549
1241677
1241827
1241951
1242089
1242181
1242317
1242421
1242623
1242803
1242893
1243003
1243157
1243349
1243439
1243559
1243691
1243811
1243933
1244021
1244099
1244233
1244363
1244471
1244591
1244713
1244821
1244953
1245091
1245217
1245449
1245613
1245707
1245817
1245953
1246081
1246241
1246319
1246373
1246477
1246543
1246667
1246823
1246961
1247101
1247243
1247329
1247459
1247581
1247693
1247833
1247951
1248041
1248193
1248271
1248391
1248529
1248641
1248799
1248893
1249033
1249121
1249217
1249361
1249481
1249621
1249727
1249819
1249939
1250083
1250189
1250351
1250471
1250609
1250761
1250863
1250983
1251109
1251301
1251461
1251641
1251743
1251871
1251961
1252103
1252201
1252343
1252457
1252661
1252777
1252913
1253023
1253137
1253333
1253513
1253683
1253783
1253911
1254023
1254109
1254203
1254329
1254479
1254577
1254661
1254767
1254941
1255063
1255147
1255237
1255333
1255451
1255609
1255747
1255861
1255993
1256161
1256323
1256477
1256617
1256737
1256837
1256917
1257041
1257119
1257247
1257331
1257493
1257589
1257749
1257931
1258039
1258151
1258219
1258349
1258451
1258589
1258667
1258783
1258903
1259033
1259099
1259213
1259389
1259543
1259659
1259759
1259927
1260059
1260169
1260323
1260461
1260577
1260713
1260799
1260899
1261079
1261217
1261327
1261487
1261643
1261763
1261889
1262011
1262119
1262281
1262419
1262543
1262633
1262753
1262893
1263007
1263121
1263239
1263337
1263473
1263583
1263701
1263863
1263961
1264063
1264267
1264447
1264597
1264699
1264853
1264909
1265053
1265119
1265279
1265393
1265519
1265611
1265777
1265867
1265969
1266073
1266163
1266271
1266373
1266491
1266589
1266757
1266851
1266943
1267117
1267223
1267411
1267529
1267663
1267789
1267907
1268017
1268167
1268287
1268419
1268563
1268681
1268789
1268899
1269041
1269167
1269241
1269377
1269497
1269643
1269847
1269937
1270079
1270193
1270319
1270429
1270541
1270627
1270757
1270901
1271047
1271147
1271227
1271353
1271471
1271597
1271731
1271839
1271987
1272109
1272211
1272289
1272421
1272617
1272811
1272893
1272989
1273109
1273241
1273343
1273457
1273561
1273693
1273823
1273939
1274089
1274249
1274363
1274549
1274701
1274857
1275011
1275193
1275341
1275503
1275601
1275719
1275839
1275947
1276039
1276147
1276279
1276441
1276589
1276711
1276829
1276967
1277063
1277197
1277323
1277483
1277629
1277753
1277867
1278029
1278181
1278289
1278401
1278527
1278637
1278779
1278899
1279043
1279171
1279303
1279427
1279547
1279661
1279757
1279853
1279969
1280141
1280281
1280407
1280567
1280707
1280821
1280969
1281097
1281221
1281349
1281457
1281587
1281727
1281821
1281961
1282069
1282163
1282289
1282423
1282513
1282627
1282717
1282877
1282969
1283099
1283179
1283389
1283539
1283701
1283797
1283941
1284053
1284271
1284379
1284511
1284623
1284763
1284889
1285021
1285129
1285231
1285351
1285481
1285607
1285747
1285841
1285937
1286081
1286191
1286303
1286489
1286581
1286669
1286807
1286941
1287061
1287173
1287329
1287457
1287551
1287683
1287757
1287883
1287989
1288057
1288187
1288349
1288487
1288603
1288709
1288831
1288921
1289009
1289153
1289303
1289423
1289567
1289677
1289801
1289933
1290083
1290199
1290329
1290469
1290593
1290683
1290901
1291021
1291177
1291313
1291391
1291523
1291783
1291907
1292023
1292143
1292261
1292387
1292549
1292633
1292729
1292887
1293001
1293179
1293287
1293401
1293533
1293659
1293839
1293949
1294037
1294169
1294303
1294453
1294609
1294723
1294939
1295051
1295159
1295279
1295347
1295513
1295617
1295747
1295869
1296019
1296137
1296287
1296413
1296551
1296623
1296781
1296907
1297027
1297147
1297243
1297349
1297421
1297523
1297649
1297781
1297979
1298117
1298261
1298371
1298611
1298771
1298887
1299013
1299143
1299257
1299349
1299457
1299637
1299791
