5
37
73
113
167
223
269
317
379
433
487
557
607
659
727
787
853
911
977
1033
1093
1163
1229
1291
1367
1439
1489
1559
1613
1693
1753
1831
1901
1987
2039
2111
2179
2267
2333
2383
2447
2543
2621
2687
2731
2801
2879
2957
3037
3119
3203
3271
3343
3413
3499
3557
3623
3697
3769
3851
3919
4003
4073
4139
4229
4283
4373
4457
4523
4621
4679
4783
4861
4937
4999
5077
5153
5233
5323
5413
5477
5531
5641
5693
5783
5849
5903
6029
6091
6173
6257
6317
6373
6473
6569
6659
6719
6803
6871
6961
7019
7121
7211
7297
7393
7487
7547
7603
7687
7757
7867
7933
8039
8111
8209
8273
8363
8443
8539
8627
8693
8753
8837
8929
9007
9091
9173
9241
9337
9413
9467
9547
9643
9733
9803
9871
9949
10069
10141
10223
10301
10369
10463
10567
10651
10729
10837
10903
10993
11087
11171
11261
11351
11443
11519
11621
11719
11813
11897
11959
12043
12119
12227
12289
12391
12473
12539
12611
12689
12781
12889
12953
13009
13109
13183
13291
13381
13463
13567
13669
13721
13799
13883
13967
14071
14173
14293
14389
14449
14549
14629
14717
14771
14851
14939
15053
15131
15217
15287
15359
15439
15527
15619
15679
15767
15859
15923
16057
16103
16217
16319
16417
16487
16603
16673
16763
16883
16963
17033
17123
17209
17327
17393
17477
17569
17657
17747
17839
17923
17989
18089
18169
18251
18313
18413
18493
18587
18713
18797
18919
19037
19141
19231
19319
19421
19469
19543
19661
19751
19841
19927
19997
20089
20149
20249
20347
20411
20521
20627
20731
20807
20903
21001
21067
21163
21247
21347
21433
21521
21589
21673
21767
21851
21943
22037
22109
22171
22279
22381
22481
22571
22669
22739
22817
22937
23021
23071
23173
23279
23357
23497
23567
23633
23743
23819
23893
23981
24061
24113
24203
24337
24421
24527
24659
24763
24851
24953
25037
25147
25237
25321
25411
25523
25603
25679
25771
25873
25951
26041
26153
26237
26317
26407
26497
26627
26699
26759
26861
26947
27031
27107
27241
27337
27449
27541
27673
27749
27803
27901
27983
28081
28181
28289
28403
28493
28571
28627
28697
28789
28871
28979
29077
29173
29251
29347
29429
29537
29633
29753
29863
29959
30089
30139
30241
30323
30449
30539
30649
30727
30839
30911
31019
31121
31183
31253
31333
31477
31547
31657
31741
31859
31991
32069
32159
32251
32327
32401
32491
32569
32647
32771
32839
32941
33023
33107
33199
33317
33391
33487
33577
33623
33739
33809
33893
34019
34141
34231
34303
34381
34487
34583
34667
34747
34847
34949
35069
35141
35257
35339
35437
35531
35603
35771
35863
35963
36017
36131
36241
36319
36457
36529
36607
36697
36781
36871
36931
37021
37139
37243
37339
37441
37517
37579
37663
37811
37897
37997
38149
38231
38317
38431
38561
38651
38713
38803
38903
38993
39103
39181
39241
39359
39443
39551
39667
39761
39841
39929
40031
40127
40213
40351
40471
40543
40639
40771
40849
40939
41047
41143
41213
41281
41399
41513
41603
41659
41771
41879
41953
42019
42131
42209
42299
42391
42457
42533
42649
42719
42797
42901
42989
43093
43207
43321
43451
43577
43649
43759
43867
43969
44041
44123
44207
44281
44449
44533
44623
44701
44797
44893
44983
45121
45197
45317
45403
45523
45613
45707
45823
45943
46049
46141
46229
46327
46447
46523
46633
46703
46811
46889
47051
47137
47251
47339
47419
47521
47609
47701
47791
47881
47969
48091
48193
48311
48409
48491
48589
48677
48781
48859
48989
49057
49157
49223
49339
49429
49529
49627
49727
49807
49919
49999
50087
50153
50273
50363
50461
50581
50683
50821
50909
51001
51133
51217
51329
51419
51479
51563
51647
51749
51839
51929
52027
52147
52237
52321
52457
52561
52667
52747
52861
52957
53051
53129
53231
53323
53419
53551
53629
53719
53831
53917
54011
54133
54269
54361
54421
54517
54583
54679
54787
54917
55009
55109
55217
55333
55439
55547
55639
55717
55817
55897
55987
56093
56179
56269
56401
56479
56543
56663
56747
56827
56921
56993
57097
57179
57269
57367
57487
57593
57697
57781
57853
57973
58061
58153
58229
58363
58427
58543
58657
58741
58901
58979
59053
59123
59219
59341
59407
59473
59611
59671
59771
59921
60029
60107
60217
60331
60443
60589
60649
60737
60859
60923
61043
61153
61297
61403
61493
61583
61657
61751
61879
61987
62071
62171
62297
62401
62501
62603
62701
62819
62927
63029
63127
63277
63353
63421
63521
63601
63671
63743
63839
63949
64067
64187
64301
64433
64567
64633
64763
64877
64969
65071
65147
65257
65357
65447
65551
65629
65707
65809
65899
65993
66103
66221
66361
66463
66553
66653
66751
66863
66949
67057
67153
67219
67343
67429
67511
67589
67723
67789
67891
67967
68087
68209
68329
68473
68539
68669
68749
68879
68947
69067
69191
69259
69389
69473
69623
69761
69847
69959
70061
70141
70223
70313
70429
70507
70619
70717
70849
70921
70997
71119
71209
71317
71363
71443
71549
71671
71777
71867
71947
72043
72109
72227
72313
72461
72551
72661
72733
72871
72937
73019
73127
73291
73379
73483
73589
73679
73771
73883
74017
74101
74197
74293
74381
74489
74573
74707
74771
74869
74941
75083
75209
75289
75389
75511
75577
75679
75767
75869
75989
76091
76207
76289
76421
76511
76607
76733
76831
76943
77041
77167
77261
77347
77447
77527
77591
77689
77761
77867
77999
78121
78193
78307
78439
78541
78643
78779
78853
78941
79103
79187
79283
79379
79481
79601
79687
79811
79867
79973
80077
80177
80263
80363
80489
80611
80681
80777
80849
80953
81041
81119
81223
81343
81439
81553
81649
81737
81853
81943
82021
82141
82219
82307
82457
82529
82609
82727
82811
82939
83063
83203
83267
83389
83449
83579
83663
83791
83911
84047
84137
84223
84319
84431
84503
84631
84719
84827
84967
85061
85147
85243
85363
85453
85577
85661
85781
85853
86017
86131
86209
86293
86371
86467
86573
86711
86837
86939
87041
87149
87253
87337
87473
87547
87629
87697
87797
87911
88001
88129
88289
88423
88547
88663
88793
88853
88951
89051
89119
89231
89363
89443
89527
89611
89689
89821
89917
90007
90071
90187
90263
90379
90481
90599
90697
90823
90917
91033
91141
91237
91331
91423
91529
91639
91781
91873
91969
92107
92203
92297
92377
92459
92567
92657
92723
92809
92899
93001
93113
93229
93287
93407
93497
93601
93761
93889
93967
94057
94153
94291
94379
94463
94559
94651
94781
94849
94993
95087
95177
95257
95339
95443
95539
95629
95737
95819
95929
96017
96167
96263
96353
96469
96581
96703
96787
96893
96997
97117
97213
97369
97453
97553
97649
97789
97871
97973
98101
98251
98347
98443
98533
98641
98737
98869
98929
99017
99119
99223
99347
99431
99559
99661
99733
99833
99929
100057
100189
100297
100393
100501
100591
100703
100823
100943
101063
101149
101221
101341
101429
101527
101611
101723
101833
101921
102013
102079
102191
102253
102367
102497
102563
102673
102811
102929
103067
103171
103319
103421
103553
103643
103769
103889
103981
104053
104149
104243
104369
104479
104579
104683
104759
104849
104953
105071
105227
105323
105389
105503
105601
105691
105829
105953
106033
106187
106277
106349
106427
106541
106661
106739
106823
106921
107033
107119
107243
107351
107509
107671
107761
107867
107971
108061
108179
108247
108359
108463
108557
108709
108803
108893
108961
109073
109159
109279
109379
109469
109567
109661
109807
109873
109961
110083
110261
110359
110501
110573
110647
110777
110899
110951
111091
111191
111301
111431
111521
111637
111751
111829
111919
112061
112139
112241
112303
112403
112573
112663
112807
112921
113021
113089
113153
113213
113359
113489
113621
113749
113837
113957
114043
114161
114259
114371
114493
114617
114691
114797
114901
115021
115133
115249
115331
115469
115589
115679
115771
115837
115891
116009
116131
116243
116359
116461
116549
116707
116819
116927
117017
117119
117223
117329
117431
117539
117671
117751
117833
117911
118033
118147
118249
118373
118463
118603
118691
118801
118903
119039
119107
119233
119321
119503
119611
119687
119773
119851
119971
120067
120167
120283
120397
120551
120641
120721
120823
120899
120977
121063
121181
121313
121369
121487
121571
121637
121789
121937
122027
122099
122207
122299
122399
122501
122599
122741
122839
122939
123049
123169
123289
123401
123491
123581
123667
123757
123863
123983
124123
124199
124303
124427
124513
124643
124739
124799
124951
125063
125149
125261
125371
125471
125617
125687
125777
125899
126011
126079
126211
126311
126433
126499
126631
126739
126851
126989
127133
127247
127321
127453
127583
127657
127717
127819
127921
128053
128189
128287
128377
128461
128549
128659
128761
128873
128971
129049
129169
129277
129379
129469
129539
129641
129763
129917
130027
130121
130241
130343
130423
130517
130631
130693
130829
130981
131101
131221
131317
131441
131519
131641
131749
131849
131941
132071
132199
132299
132403
132523
132619
132697
132761
132893
132989
133103
133201
133303
133391
133519
133649
133723
133853
133993
134087
134207
134291
134369
134503
134639
134753
134873
134999
135089
135209
135301
135403
135469
135593
135649
135743
135887
136013
136111
136223
136327
136397
136471
136541
136651
136751
136861
136973
137089
137191
137303
137387
137483
137597
137723
137849
137947
138071
138163
138251
138373
138461
138569
138641
138793
138889
139021
139169
139297
139367
139457
139571
139681
139759
139891
139987
140123
140221
140321
140417
140527
140617
140689
140797
140891
141023
141131
141233
141311
141443
141551
141653
141719
141829
141937
142039
142151
142223
142381
142529
142591
142711
142837
142949
143093
143239
143329
143467
143527
143629
143729
143831
143977
144103
144241
144323
144439
144563
144667
144763
144887
144983
145091
145219
145361
145459
145531
145637
145723
145823
145963
146033
146141
146249
146359
146449
146581
146683
146819
146921
147029
147139
147229
147331
147419
147547
147647
147743
147827
147997
148139
148207
148361
148457
148549
148669
148781
148873
148961
149059
149143
149249
149341
149419
149521
149623
149749
149861
149953
150067
150169
150239
150377
150473
150583
150707
150833
150919
151009
151153
151241
151339
151433
151531
151607
151687
151787
151897
152017
152093
152219
152363
152429
152539
152641
152777
152843
152947
153071
153191
153319
153421
153509
153607
153739
153887
153991
154079
154181
154279
154373
154501
154619
154727
154823
154933
155047
155167
155269
155381
155473
155581
155671
155741
155833
156007
156119
156241
156353
156493
156623
156703
156817
156943
157051
157163
157231
157291
157411
157519
157639
157769
157867
157991
158113
158231
158351
158443
158567
158647
158771
158909
159023
159167
159233
159389
159473
159569
159673
159769
159839
159977
160079
160169
160313
160409
160553
160639
160711
160813
160907
161039
161141
161267
161377
161507
161591
161729
161783
161921
162007
162143
162287
162439
162529
162629
162713
162821
162901
163003
163129
163223
163351
163469
163573
163673
163789
163883
163993
164093
164209
164299
164413
164503
164623
164743
164881
165041
165161
165293
165383
165479
165569
165701
165799
165901
166031
166183
166297
166399
166561
166627
166723
166843
166931
167023
167099
167191
167311
167423
167521
167633
167771
167887
168023
168127
168263
168391
168499
168629
168737
168887
169003
169093
169217
169319
169409
169531
169649
169751
169837
169937
170047
170167
170243
170347
170413
170539
170647
170761
170843
170953
171053
171169
171299
171449
171541
171653
171733
171827
171929
172069
172171
172279
172357
172441
172583
172657
172751
172867
172993
173099
173209
173309
173497
173617
173699
173783
173897
174007
174079
174197
174311
174431
174533
174649
174761
174877
174989
175081
175291
175403
175519
175663
175757
175859
175961
176047
176153
176227
176329
176413
176503
176573
176677
176789
176899
176989
177113
177239
177379
177481
177623
177787
177889
177967
178093
178207
178307
178417
178513
178603
178693
178817
178903
178987
179099
179209
179321
179411
179497
179591
179687
179801
179899
179957
180053
180211
180287
180371
180497
180617
180751
180883
181061
181199
181283
181421
181549
181693
181763
181891
181981
182059
182141
182243
182387
182473
182587
182657
182779
182887
182969
183089
183263
183343
183439
183509
183593
183713
183881
183979
184081
184189
184291
184441
184553
184633
184727
184859
184993
185071
185161
185291
185371
185527
185593
185699
185789
185873
185959
186041
186157
186247
186343
186479
186629
186709
186799
186947
187073
187141
187219
187361
187433
187547
187661
187793
187909
188017
188179
188303
188401
188491
188633
188719
188833
188933
189019
189169
189271
189389
189467
189547
189653
189757
189877
189967
190093
190249
190339
190507
190591
190699
190787
190889
191027
191123
191237
191413
191491
191561
191677
191783
191899
192013
192113
192229
192319
192407
192553
192617
192749
192847
192931
193013
193147
193261
193381
193469
193597
193723
193799
193877
193993
194093
194203
194377
194527
194671
194749
194863
194977
195071
195161
195271
195359
195479
195599
195739
195863
195931
196039
196159
196271
196387
196523
196643
196727
196853
196991
197083
197203
197279
197369
197479
197599
197699
197803
197927
198017
198127
198251
198347
198439
198553
198647
198811
198859
198967
199081
199247
199373
199457
199583
199687
199783
199877
200003
200117
200227
200341
200437
200587
200713
200861
200929
201049
201167
201287
201437
201517
201629
201743
201821
201907
201979
202087
202219
202343
202471
202613
202717
202817
202931
203017
203207
203309
203363
203449
203617
203761
203857
203969
204047
204161
204329
204427
204511
204613
204751
204871
204983
205103
205201
205319
205423
205493
205603
205703
205879
205981
206051
206183
206251
206347
206447
206543
206651
206821
206933
207041
207187
207287
207371
207479
207541
207643
207743
207869
207973
208073
208207
208283
208391
208489
208577
208687
208807
208933
209063
209201
209267
209357
209459
209567
209659
209771
209857
209971
210071
210157
210241
210323
210437
210533
210709
210811
210911
211049
211151
211229
211319
211441
211571
211663
211777
211877
211969
212123
212227
212411
212501
212633
212801
212897
213019
213131
213217
213307
213397
213539
213641
213799
213919
214003
214069
214189
214309
214451
214519
214639
214733
214811
214939
215123
215239
215351
215447
215531
215689
215827
215921
216061
216149
216289
216401
216553
216653
216761
216859
216973
217111
217219
217319
217387
217489
217619
217727
217849
217981
218107
218213
218381
218459
218551
218651
218749
218849
218971
219053
219143
219301
219409
219523
219619
219721
219797
219881
219959
220057
220189
220351
220421
220553
220681
220789
220879
220939
221087
221209
221311
221453
221549
221659
221737
221873
221999
222073
222163
222317
222389
222533
222659
222793
222913
222991
223087
223219
223283
223367
223481
223621
223753
223843
224011
224113
224209
224303
224429
224527
224633
224743
224891
224977
225109
225217
225299
225383
225509
225613
225733
225829
225949
226063
226183
226307
226427
226547
226643
226769
226843
227011
227147
227231
227371
227459
227533
227609
227699
227869
228023
228139
228257
228353
228457
228539
228619
228751
228853
228923
229037
229171
229249
229373
229487
229583
229681
229753
229819
229949
230063
230143
230257
230341
230449
230561
230693
230807
230929
231017
231131
231293
231379
231481
231571
231677
231827
231923
232051
232153
232333
232433
232549
232663
232777
232877
233021
233161
233279
233357
233509
233641
233747
233917
234029
234149
234211
234319
234461
234541
234659
234769
234851
234961
235043
235171
235289
235447
235553
235673
235793
235919
236063
236167
236323
236429
236527
236681
236771
236881
236993
237091
237203
237313
237467
237631
237749
237877
237977
238081
238163
238247
238361
238463
238573
238703
238801
238897
239023
239167
239263
239387
239509
239587
239711
239831
239933
240041
240113
240257
240349
240491
240607
240727
240841
240943
241051
241169
241271
241361
241469
241567
241667
241783
241873
241951
242069
242173
242309
242441
242519
242633
242731
242863
242999
243121
243227
243391
243473
243577
243671
243799
243911
244033
244157
244261
244357
244429
244547
244633
244721
244841
244939
245083
245183
245317
245437
245533
245639
245747
245863
245981
246121
246209
246317
246439
246557
246643
246769
246833
246931
247067
247223
247339
247433
247553
247649
247759
247853
247991
248063
248161
248257
248357
248473
248587
248683
248783
248867
248981
249107
249217
249341
249437
249533
249659
249779
249871
249989
250057
250253
250409
250583
250721
250799
250889
251003
251099
251197
251263
251393
251483
251561
251677
251833
251917
252017
252163
252277
252383
252463
252611
252737
252877
252949
253103
253273
253387
253493
253601
253679
253777
253871
253969
254047
254197
254299
254447
254627
254747
254833
254929
255019
255107
255191
255259
255443
255517
255641
255743
255859
255961
256049
256163
256301
256423
256541
256643
256799
256931
257077
257189
257293
257399
257497
257639
257731
257869
257989
258109
258197
258319
258413
258521
258613
258697
258787
258949
259019
259169
259277
259421
259537
259639
259733
259837
259991
260089
260209
260387
260467
260573
260713
260809
260941
261017
261127
261301
261427
261529
261631
261739
261881
262027
262127
262231
262337
262459
262553
262657
262747
262901
263063
263167
263257
263383
263489
263567
263657
263821
263909
264007
264101
264211
264343
264463
264601
264743
264811
264919
265007
265141
265247
265339
265471
265567
265711
265813
265891
266029
266099
266221
266351
266449
266603
266687
266821
266921
266993
267143
267233
267353
267433
267517
267593
267661
267737
267829
267907
268049
268199
268297
268517
268637
268759
268819
268921
269023
269131
269219
269333
269419
269539
269651
269761
269923
270037
270157
270241
270337
270461
270563
270659
270761
270899
271003
271109
271231
271351
271471
271573
271703
271829
271919
272029
272183
272263
272347
272411
272539
272683
272807
272927
273029
273113
273253
273349
273527
273653
273803
273929
274033
274139
274223
274349
274471
274661
274751
274843
274943
275047
275159
275269
275393
275489
275581
275677
275813
275929
276011
276091
276229
276337
276443
276553
276637
276781
276883
276977
277099
277231
277331
277499
277601
277703
277829
277961
278087
278207
278321
278459
278557
278627
278743
278843
278917
279109
279187
279353
279481
279583
279679
279817
279949
280061
280187
280277
280409
280541
280607
280711
280837
280921
280997
281153
281249
281339
281509
281581
281663
281777
281849
281947
282059
282157
282299
282407
282559
282677
282769
282881
282991
283099
283183
283397
283519
283609
283763
283837
283979
284111
284191
284269
284413
284509
284593
284707
284759
284839
284989
285113
285221
285343
285497
285599
285673
285767
285949
286043
286199
286393
286477
286547
286673
286763
286927
287087
287167
287257
287341
287503
287671
287813
287921
288077
288209
288317
288433
288551
288679
288803
288913
289001
289099
289169
289253
289361
289469
289603
289733
289847
289967
290039
290141
290249
290399
290497
290611
290671
290803
290923
291037
291143
291257
291367
291481
291569
291721
291853
291979
292081
292223
292343
292469
292549
292673
292759
292867
293021
293147
293257
293399
293507
293659
293773
293941
294043
294167
294247
294319
294431
294551
294731
294803
294919
295007
295123
295259
295363
295513
295693
295819
295877
295961
296083
296221
296299
296477
296561
296669
296749
296831
296971
297079
297233
297377
297481
297607
297707
297833
297953
298049
298171
298283
298399
298579
298679
298759
298861
299029
299147
299287
299389
299479
299617
299723
299861
299977
300109
300221
300319
300431
300557
300649
300739
300821
300931
301039
301159
301247
301381
301487
301601
301703
301831
301927
302009
302191
302299
302483
302587
302723
302837
302927
303007
303091
303257
303337
303421
303539
303617
303703
303827
303959
304063
304163
304301
304411
304489
304561
304723
304807
304901
304981
305101
305231
305353
305423
305521
305621
305759
305861
306011
306139
306247
306359
306457
306533
306689
306809
306883
306991
307103
307201
307289
307409
307543
307651
307823
307939
308101
308219
308323
308467
308537
308663
308813
308929
309019
309121
309251
309317
309461
309541
309667
309781
309929
310049
310181
310291
310433
310511
310643
310741
310831
310969
311111
311203
311341
311473
311603
311713
311827
312007
312089
312211
312283
312383
312517
312617
312709
312841
312943
313081
313163
313297
313381
313549
313613
313717
313849
313933
313997
314129
314233
314339
314453
314581
314693
314779
314933
315059
315193
315349
315449
315529
315617
315739
315881
315977
316097
316213
316301
316429
316531
316661
316759
316853
316951
317063
317189
317321
317411
317503
317617
317729
317797
317957
318023
318181
318271
318337
318457
318589
318691
318809
318889
319031
319127
319223
319343
319439
319519
319639
319733
319849
319973
320057
320143
320267
320377
320483
320611
320713
320851
320953
321091
321221
321323
321403
321553
321647
321757
321851
322001
322079
322213
322327
322433
322559
322631
322771
322901
323003
323123
323251
323381
323507
323599
323759
323899
324031
324131
324223
324361
324449
324529
324647
324763
324869
324977
325027
325163
325249
325379
325487
325627
325709
325783
325901
326023
326141
326219
326441
326561
326633
326737
326881
326999
327127
327251
327337
327443
327517
327619
327737
327829
327923
328051
328129
328291
328381
328519
328639
328787
328897
329053
329167
329267
329333
329489
329603
329683
329789
329947
330037
330133
330233
330331
330433
330611
330697
330793
330899
331043
331171
331277
331367
331511
331579
331697
331841
331937
332039
332161
332251
332411
332489
332623
332779
332921
333029
333131
333269
333349
333451
333539
333679
333779
333923
334043
334171
334297
334403
334511
334643
334727
334843
334987
335057
335149
335273
335417
335527
335653
335747
335879
336031
336143
336227
336361
336503
336587
336671
336773
336871
336989
337091
337223
337339
337453
337543
337669
337793
337891
337999
338161
338237
338309
338407
338497
338659
338761
338893
339071
339161
339289
339467
339613
339679
339817
339959
340063
340169
340321
340429
340573
340649
340787
340889
340937
341059
341203
341303
341443
341543
341641
341771
341879
341993
342101
342211
342337
342413
342527
342659
342799
342889
343061
343177
343289
343379
343517
343589
343687
343817
343939
344083
344189
344251
344347
344483
344639
344759
344863
344959
345047
345221
345379
345511
345601
345701
345773
345887
346039
346139
346259
346361
346429
346543
346639
346739
346891
347041
347131
347201
347299
347489
347587
347729
347821
347957
348011
348163
348253
348401
348457
348571
348709
348833
348937
349081
349187
349337
349399
349499
349637
349787
349849
349939
350087
350213
350377
350453
350617
350729
350803
350941
351031
351097
351257
351343
351427
351551
351707
351797
351913
352043
352123
352267
352361
352423
352523
352637
352813
352907
353021
353137
353263
353401
353501
353629
353737
353833
353929
354041
354149
354259
354353
354443
354553
354689
354791
354883
355007
355073
355193
355361
355499
355559
355679
355799
355913
356077
356171
356311
356453
356567
356737
356893
356989
357109
357239
357349
357503
357587
357667
357739
357829
357997
358157
358273
358331
358471
358597
358697
358783
358879
358987
359101
359207
359299
359417
359539
359641
359761
359981
360091
360229
360317
360497
360649
360823
360949
361013
361213
361321
361411
361499
361637
361747
361871
361961
362059
362161
362291
362363
362443
362629
362749
362911
363017
363149
363257
363361
363437
363541
363619
363761
363887
363967
364127
364241
364337
364447
364543
364669
364759
364919
365017
365137
365251
365369
365471
365537
365641
365779
365933
366053
366169
366239
366341
366439
366547
366703
366841
366917
367007
367123
367229
367313
367469
367597
367687
367781
367879
368059
368141
368243
368369
368513
368633
368773
368881
369029
369143
369269
369409
369637
369751
369877
369991
370081
370199
370399
370471
370571
370673
370837
371027
371141
371237
371321
371417
371561
371699
371857
371957
372061
372179
372299
372409
372523
372667
372763
372839
372943
373073
373193
373297
373379
373517
373661
373823
373963
374047
374137
374287
374359
374531
374677
374753
374839
374953
375043
375119
375223
375283
375413
375523
375623
375743
375857
375997
376097
376231
376393
376511
376609
376709
376807
376891
377011
377147
377287
377371
377527
377617
377749
377843
378019
378149
378241
378379
378509
378601
378733
378823
378953
379073
379163
379289
379399
379513
379633
379721
379849
379931
380071
380201
380299
380417
380533
380657
380837
380929
381037
381181
381301
381389
381487
381607
381737
381853
381991
382103
382267
382427
382549
382643
382747
382847
382961
383077
383153
383297
383429
383557
383657
383767
383839
383969
384079
384187
384287
384383
384497
384619
384737
384847
385001
385109
385199
385327
385433
385571
385639
385793
385901
386039
386131
386233
386333
386413
386543
386647
386747
386963
387071
387173
387281
387437
387587
387707
387839
387973
388111
388187
388313
388471
388567
388699
388823
388933
389041
389149
389269
389399
389527
389591
389723
389839
389941
390043
390119
390223
390359
390433
390503
390703
390781
390889
391019
391117
391231
391351
391441
391619
391717
391823
391921
392059
392149
392239
392299
392423
392531
392663
392803
392879
392981
393079
393161
393271
393383
393521
393587
393683
393779
393919
394019
394157
394271
394409
394549
394643
394747
394861
394987
395107
395189
395293
395431
395537
395677
395849
395959
396091
396203
396311
396437
396547
396637
396833
396947
397057
397183
397297
397427
397541
397643
397757
397897
398023
398113
398219
398323
398417
398509
398611
398731
398887
399023
399107
399221
399353
399473
399571
399667
399761
399899
400009
400123
400247
400331
400471
400643
400739
400903
401039
401161
401287
401393
401539
401671
401827
401953
402043
402137
402299
402371
402517
402593
402761
402851
402991
403079
403241
403331
403499
403603
403717
403849
403969
404051
404189
404273
404399
404497
404671
404837
404981
405073
405227
405323
405439
405541
405677
405749
405863
405967
406093
406253
406361
406507
406579
406699
406859
407047
407191
407273
407359
407501
407599
407713
407807
407917
408019
408169
408241
408361
408461
408607
408701
408803
408943
409033
409177
409291
409397
409517
409639
409753
409861
409943
410063
410173
410299
410393
410497
410623
410741
410833
411007
411101
411211
411347
411473
411577
411679
411743
411883
412007
412081
412187
412273
412411
412571
412651
412849
412987
413089
413183
413293
413521
413629
413753
413869
414019
414107
414221
414331
414433
414553
414653
414721
414803
414923
415039
415141
415231
415409
415543
415631
415717
415823
415957
416077
416219
416359
416419
416503
416629
416839
416989
417119
417203
417317
417451
417553
417649
417751
417881
417983
418073
418189
418321
418381
418553
418667
418787
418861
418939
419057
419191
419317
419449
419537
419603
419753
419873
420001
420163
420293
420353
420467
420571
420737
420811
420967
421081
421177
421331
421433
421559
421691
421741
421943
422077
422137
422267
422369
422549
422657
422789
422881
423001
423097
423209
423287
423413
423497
423601
423751
423853
423989
424091
424163
424267
424423
424547
424667
424771
424861
424967
425101
425237
425329
425441
425549
425713
425851
425959
426089
426229
426383
426541
426661
426757
426863
426971
427073
427237
427327
427423
427517
427681
427789
427939
428003
428137
428227
428353
428509
428629
428731
428843
429017
429161
429271
429389
429469
429551
429661
429733
429881
429931
430013
430147
430333
430499
430601
430739
430811
430891
430987
431083
431213
431311
431429
431581
431671
431803
431887
432001
432073
432167
432301
432391
432499
432587
432727
432847
432979
433079
433193
433267
433369
433471
433633
433723
433847
433967
434111
434221
434311
434407
434509
434659
434803
434867
434947
435103
435181
435283
435401
435529
435593
435679
435817
435913
436027
436157
436291
436439
436531
436651
436757
436913
437033
437149
437273
437389
437519
437651
437753
437909
438047
438223
438313
438443
438551
438667
438827
438913
439007
439171
439339
439441
439567
439667
439763
439861
439973
440101
440221
440333
440441
440543
440653
440753
440893
440989
441107
441191
441319
441479
441587
441713
441839
441971
442069
442177
442271
442399
442517
442619
442763
442831
442973
443057
443153
443231
443341
443423
443551
443659
443761
443879
443983
444089
444179
444293
444443
444527
444623
444767
444863
444953
445069
445187
445321
445499
445619
445747
445871
446003
446141
446263
446387
446477
446647
446819
446921
447067
447193
447263
447439
447527
447683
447817
447901
448031
448157
448249
448379
448607
448733
448859
448969
449093
449173
449269
449363
449473
449621
449699
449833
449971
450077
450193
450277
450367
450473
450563
450677
450799
450859
450943
451069
451201
451331
451481
451609
451691
451799
451903
452009
452159
452269
452443
452549
452689
452831
453023
453157
453247
453367
453559
453643
453757
453907
454009
454141
454231
454357
454501
454609
454759
454889
454973
455123
455233
455333
455431
455513
455603
455717
455863
455989
456091
456233
456403
456517
456587
456679
456809
456949
457049
457153
457271
457381
457469
457609
457697
457837
458009
458123
458309
458401
458567
458651
458791
458917
458981
459047
459223
459337
459427
459593
459677
459841
460039
460111
460231
460379
460531
460637
460777
460903
460979
461059
461207
461317
461413
461569
461687
461861
461983
462113
462271
462409
462499
462607
462697
462851
462947
463181
463261
463343
463459
463579
463711
463823
463907
464011
464131
464237
464327
464459
464561
464699
464801
464909
464983
465067
465161
465271
465373
465529
465659
465799
465929
466043
466153
466273
466409
466561
466673
466801
466957
467101
467213
467353
467477
467549
467641
467729
467867
467941
468059
468137
468253
468389
468509
468619
468697
468803
468889
469031
469193
469283
469397
469543
469673
469787
469891
470039
470153
470227
470333
470443
470521
470621
470719
470863
470947
471089
471193
471299
471451
471553
471659
471749
471871
471959
472111
472193
472319
472421
472573
472709
472831
472939
473141
473219
473351
473453
473527
473647
473833
473927
474017
474119
474223
474347
474479
474569
474671
474809
474923
475051
475151
475283
475369
475457
475613
475691
475777
475877
475957
476041
476143
476299
476419
476579
476659
476759
476891
477017
477163
477329
477497
477577
477731
477823
477947
478087
478199
478321
478421
478493
478631
478741
478831
478927
479027
479191
479287
479419
479513
479629
479797
479903
480019
480101
480209
480373
480461
480541
480713
480839
480967
481067
481147
481231
481379
481513
481651
481753
481849
482017
482101
482233
482371
482441
482569
482683
482753
482861
482971
483167
483251
483389
483499
483619
483733
483827
483937
484079
484181
484303
484439
484577
484703
484853
485053
485161
485351
485447
485603
485731
485909
486043
486163
486293
486379
486491
486589
486677
486781
486929
487021
487133
487283
487397
487477
487637
487727
487819
487943
488057
488203
488263
488339
488441
488611
488701
488791
488909
489043
489161
489283
489409
489529
489659
489791
489869
489961
490097
490201
490283
490459
490549
490631
490783
490927
491003
491159
491279
491357
491497
491593
491707
491819
491951
492053
492251
492397
492491
492629
492721
492853
493013
493121
493193
493279
493399
493541
493657
493793
493897
494023
494107
494257
494359
494471
494591
494687
494749
494899
495037
495139
495269
495359
495437
495563
495629
495751
495827
495953
496063
496229
496333
496471
496583
496747
496889
496999
497113
497257
497323
497473
497557
497671
497771
497873
497999
498143
498301
498409
498527
498647
498767
498881
498989
499127
499183
499321
499439
499559
499661
499717
499879
499979
500113
500231
500321
500431
500527
500699
500809
500911
501013
501121
501203
501299
501427
501601
501719
501841
501997
502087
502247
502421
502543
502651
502781
502919
503077
503227
503339
503423
503563
503663
503803
503927
504001
504143
504247
504353
504479
504617
504767
504871
504967
505061
505139
505277
505357
505469
505573
505663
505777
505919
506101
506213
506339
506459
506551
506663
506783
506893
506999
507119
507289
507371
507503
507641
507779
507901
508009
508103
508243
508363
508489
508579
508727
508901
508961
509087
509239
509363
509513
509591
509689
509797
509911
510047
510121
510233
510331
510463
510611
510751
510889
511019
511151
511213
511333
511447
511541
511631
511793
511897
512011
512207
512389
512531
512597
512713
512819
512927
513031
513109
513257
513347
513439
513631
513727
513839
513977
514061
514177
514277
514399
514529
514649
514751
514847
514949
515173
515323
515477
515621
515701
515813
515929
516077
516193
516277
516377
516469
516589
516679
516811
516911
517003
517129
517229
517337
517417
517507
517597
517721
517873
517991
518113
518191
518299
518431
518579
518729
518801
518911
519067
519151
519283
519383
519521
519611
519733
519881
519971
520073
520279
520361
520427
520589
520699
520837
520963
521047
521173
521299
521393
521503
521581
521723
521813
521903
522059
522167
522259
522383
522517
522659
522737
522839
522947
523097
523297
523427
523541
523637
523741
523867
523997
524113
524219
524341
524429
524599
524789
524893
524963
525029
525191
525299
525397
525493
525607
525727
525869
525953
526067
526189
526289
526397
526511
526633
526709
526829
526937
527063
527161
527281
527399
527533
527633
527803
527921
528041
528163
528299
528413
528559
528691
528821
528947
529037
529129
529259
529357
529517
529649
529741
529871
529987
530093
530227
530303
530429
530539
530659
530753
530857
530989
531133
531253
531353
531569
531667
531827
531911
532033
532183
532283
532391
532501
532607
532709
532801
532951
533053
533189
533263
533389
533573
533719
533837
533963
534029
534113
534253
534371
534553
534637
534799
534913
535037
535181
535319
535487
535589
535697
535811
535957
536059
536189
536273
536377
536461
536563
536699
536779
536891
536989
537067
537181
537307
537497
537661
537773
537883
538051
538151
538267
538367
538511
538589
538723
538817
538939
539101
539171
539303
539401
539573
539687
539837
539947
540149
540233
540349
540461
540577
540689
540781
540907
541097
541231
541349
541469
541547
541661
541771
541901
542023
542117
542189
542293
542483
542567
542719
542831
542947
543097
543187
543281
543353
543509
543637
543769
543853
543911
544021
544171
544367
544501
544651
544771
544883
544979
545117
545239
545443
545543
545647
545773
545911
546019
546109
546239
546349
546509
546619
546719
546893
547021
547139
547291
547397
547499
547601
547709
547819
547951
548099
548227
548363
548459
548557
548687
548791
548893
549011
549121
549221
549331
549503
549587
549691
549751
549937
550061
550169
550283
550441
550541
550657
550757
550859
550973
551069
551207
551339
551483
551581
551713
551801
551927
552031
552127
552271
552403
552553
552707
552809
552913
553057
553141
553253
553433
553517
553601
553703
553837
553961
554087
554189
554303
554453
554627
554711
554797
554891
555029
555109
555277
555391
555557
555697
555853
556027
556159
556267
556343
556487
556607
556693
556781
556849
556957
557041
557201
557339
557489
557611
557741
557831
557987
558113
558223
558401
558491
558583
558721
558829
558973
559099
559217
559343
559483
559571
559667
559781
559883
560023
560113
560191
560249
560393
560491
560621
560737
560837
560939
561079
561181
561347
561461
561703
561839
561983
562147
562283
562351
562439
562579
562663
562739
562871
562973
563047
563149
563351
563447
563587
563777
563887
564017
564133
564251
564353
564419
564533
564701
564871
564979
565109
565237
565319
565393
565507
565583
565723
565889
565997
566131
566231
566417
566539
566639
566719
566857
566999
567107
567277
567439
567533
567667
567793
567883
567997
568133
568201
568349
568471
568627
568751
568903
569003
569083
569201
569269
569461
569603
569713
569809
569887
570013
570083
570181
570379
570463
570529
570643
570733
570853
570961
571093
571211
571331
571471
571633
571751
571847
571939
572063
572183
572321
572423
572521
572629
572699
572821
572927
573047
573197
573341
573473
573527
573719
573817
573901
574033
574163
574289
574429
574543
574667
574789
574939
575063
575173
575257
575429
575557
575651
575747
575867
575987
576101
576211
576319
576461
576551
576659
576731
576883
577033
577147
577271
577387
577513
577589
577751
577873
577957
578093
578251
578363
578477
578573
578687
578789
578881
579023
579197
579287
579451
579539
579629
579721
579869
579967
580133
580259
580373
580529
580639
580747
580843
580939
581089
581183
581303
581393
581521
581639
581743
581863
581981
582119
582209
582371
582499
582643
582737
582851
582971
583087
583207
583301
583417
583519
583631
583769
583873
584011
584153
584347
584429
584593
584693
584789
584911
585019
585073
585217
585341
585493
585593
585727
585839
585889
586009
586123
586277
586387
586499
586603
586723
586837
586933
587033
587123
587219
587371
587467
587551
587659
587749
587863
587971
588073
588169
588293
588433
588529
588673
588811
588941
589109
589207
589297
589453
589591
589751
589847
589997
590123
590243
590327
590437
590627
590741
590867
591023
591131
591287
591407
591553
591659
591779
591901
592073
592217
592321
592393
592517
592621
592727
592861
592973
593081
593183
593273
593399
593497
593597
593707
593899
594037
594161
594281
594379
594469
594571
594709
594827
594953
595057
595129
595229
595313
595411
595571
595717
595927
595981
596083
596227
596293
596489
596599
596707
596831
596927
597049
597209
597349
597419
597551
597643
597761
597859
598007
598141
598261
598421
598537
598681
598789
598903
599003
599149
599303
599399
599519
599629
599741
599891
599999
600167
600269
600359
600449
600577
600701
600857
600959
601043
601193
601283
601379
601541
601697
601813
601903
602047
602141
602257
602333
602461
602593
602689
602779
602909
603013
603149
603311
603467
603563
603719
603817
603899
603947
604069
604277
604369
604517
604619
604733
604829
604949
605069
605191
605323
605443
605551
605639
605849
605933
606037
606121
606301
606443
606569
606673
606829
606943
607037
607109
607199
607309
607421
607619
607727
607883
607967
608117
608213
608359
608429
608581
608677
608819
608899
609043
609149
609241
609359
609437
609541
609619
609779
609911
610063
610219
610339
610501
610619
610721
610817
610879
611011
611113
611279
611441
611549
611671
611833
611939
612023
612107
612193
612319
612407
612613
612737
612841
612967
613099
613213
613289
613439
613507
613633
613747
613861
613999
614143
614279
614417
614563
614659
614743
614863
615019
615151
615299
615403
615493
615617
615743
615827
615949
616103
616171
616277
616391
616489
616579
616723
616799
616933
617039
617131
617249
617341
617453
617579
617699
617777
617887
618041
618227
618323
618421
618577
618679
618857
618991
619067
619189
619309
619511
619613
619741
619831
619981
620117
620237
620351
620437
620561
620663
620773
620909
621013
621133
621289
621389
621527
621671
621769
621913
622049
622133
622247
622367
622519
622613
622729
622889
623009
623209
623303
623401
623563
623677
623759
623881
623983
624097
624209
624313
624451
624539
624667
624769
624851
625033
625169
625267
625397
625543
625657
625819
625939
626063
626201
626347
626533
626623
626713
626833
626959
627089
627197
627329
627479
627617
627721
627841
627973
628097
628217
628363
628487
628679
628781
628877
629003
629143
629339
629429
629569
629687
629773
629891
629977
630107
630229
630391
630529
630659
630797
630901
631039
631181
631291
631429
631513
631597
631723
631847
631927
632053
632147
632267
632351
632473
632609
632713
632851
632977
633091
633257
633379
633469
633613
633767
633877
633991
634141
634223
634307
634441
634541
634651
634747
634861
634969
635147
635279
635351
635441
635563
635707
635821
635923
636023
636137
636277
636359
636539
636653
636763
636877
637001
637163
637291
637369
637489
637601
637711
637787
637937
638123
638263
638431
638581
638717
638923
639043
639167
639299
639439
639563
639671
639731
639911
640019
640121
640229
640307
640483
640631
640741
640891
640967
641101
641239
641411
641491
641633
641791
641867
641969
642121
642217
642373
642529
642683
642809
642931
643031
643121
643273
643453
643567
643681
643847
643949
644053
644141
644239
644363
644489
644569
644671
644783
644869
644999
645077
645233
645409
645499
645599
645703
645833
645937
646073
646189
646291
646421
646571
646687
646859
646937
647047
647147
647303
647399
647509
647617
647723
647821
647951
648059
648173
648259
648371
648509
648671
648841
648937
649069
649151
649291
649427
649511
649631
649717
649799
649879
650017
650213
650347
650519
650609
650821
650917
651043
651169
651251
651361
651503
651683
651803
651869
652033
652189
652283
652369
652493
652577
652667
652759
652909
652991
653143
653281
653491
653579
653687
653789
653903
654001
654107
654209
654323
654491
654587
654697
654799
654917
655021
655157
655267
655373
655511
655597
655717
655901
656063
656221
656321
656423
656587
656683
656783
656939
657049
657131
657299
657431
657523
657649
657793
657947
658079
658187
658303
658391
658547
658633
658783
658897
658991
659101
659237
659419
659521
659621
659713
659849
659963
660067
660167
660277
660379
660529
660607
660731
660817
660923
661061
661139
661259
661421
661547
661697
661879
661961
662083
662231
662339
662477
662567
662693
662833
662947
663049
663191
663301
663463
663571
663659
663821
663937
663997
664117
664211
664369
664507
664589
664667
664771
664891
665039
665123
665221
665311
665479
665573
665719
665813
665983
666079
666187
666353
666493
666637
666727
666823
666979
667123
667243
667367
667487
667561
667697
667819
667949
668051
668201
668417
668567
668677
668791
668903
669029
669133
669289
669401
669527
669667
669787
669887
669989
670129
670231
670343
670487
670577
670693
670823
670951
671063
671189
671299
671417
671537
671681
671831
671933
672029
672127
672209
672311
672473
672641
672781
672869
672967
673093
673201
673313
673411
673487
673609
673747
673879
674057
674161
674269
674419
674563
674711
674771
674867
675029
675133
675239
675341
675481
675593
675743
675859
675973
676057
676211
676337
676421
676601
676747
676891
676967
677057
677177
677323
677461
677587
677737
677927
678077
678203
678341
678421
678541
678631
678731
678809
678941
679051
679171
679297
679403
679517
679639
679751
679859
679933
680027
680159
680263
680353
680443
680569
680707
680861
680989
681067
681221
681337
681427
681539
681673
681787
681931
682009
682153
682289
682373
682483
682657
682751
682951
683119
683273
683381
683479
683651
683731
683821
683899
684017
684157
684293
684419
684547
684643
684769
684869
685019
685099
685247
685367
685471
685609
685717
685819
685991
686057
686173
686321
686449
686593
686737
686879
686977
687041
687139
687299
687389
687461
687559
687691
687809
687931
688067
688187
688333
688433
688573
688679
688777
688939
689063
689141
689279
689389
689551
689641
689797
689879
689959
690119
690271
690419
690511
690661
690839
690997
691129
691231
691349
691499
691651
691727
691837
691919
692017
692147
692281
692371
692441
692567
692707
692789
692957
693089
693179
693373
693493
693607
693697
693793
693881
694069
694207
694327
694387
694511
694597
694763
694879
695003
695099
695257
695329
695447
695581
695677
695791
695899
696077
696253
696349
696457
696569
696691
696811
696907
697033
697127
697261
697387
697481
697591
697693
697831
697973
698077
698263
698371
698483
698567
698773
698939
699077
699191
699289
699401
699521
699631
699767
699953
700087
700211
700319
700423
700571
700673
700811
700919
701033
701219
701357
701443
701527
701627
701731
701903
702077
702193
702311
702379
702497
702587
702701
702809
702893
703117
703217
703309
703441
703559
703699
703837
703949
704029
704153
704251
704357
704477
704581
704713
704797
704863
704999
705097
705181
705307
705491
705689
705821
705919
706019
706133
706213
706313
706481
706613
706729
706801
706919
707029
707159
707299
707459
707633
707717
707827
707929
708007
708061
708179
708293
708403
708527
708647
708857
708959
709123
709231
709349
709453
709603
709693
709817
709901
709991
710189
710321
710399
710513
710603
710713
710863
710933
711019
711143
711299
711437
711563
711691
711757
711889
711973
712133
712289
712417
712499
712631
712739
712889
712973
713147
713233
713329
713411
713563
713737
713861
713957
714139
714257
714481
714563
714739
714841
714919
715063
715159
715259
715397
715523
715639
715753
715859
715927
716033
716173
716389
716479
716591
716707
716819
716951
717091
717161
717331
717491
717589
717719
717887
718049
718183
718343
718427
718547
718703
718841
718973
719101
719189
719333
719483
719633
719717
719813
719951
720089
720197
720289
720397
720547
720677
720791
720901
720997
721109
721177
721261
721351
721499
721621
721739
721921
722047
722153
722287
722363
722479
722611
722783
722903
723043
723113
723193
723287
723409
723493
723607
723797
723893
723973
724111
724267
724433
724513
724597
724721
724783
724939
725071
725161
725323
725423
725579
725723
725863
725983
726097
726169
726337
726457
726589
726659
726797
726917
727019
727159
727261
727351
727487
727633
727747
727843
727997
728131
728293
728437
728561
728699
728809
728873
728947
729059
729217
729367
729493
729571
729661
729779
729919
730021
730199
730363
730537
730619
730757
730837
730943
731057
731209
731287
731447
731593
731711
731803
731893
732023
732157
732229
732311
732493
732653
732769
732889
733009
733147
733283
733373
733477
733639
733807
733879
733981
734131
734221
734381
734473
734627
734729
734837
734953
735071
735169
735263
735367
735451
735571
735731
735871
735983
736063
736187
736361
736429
736639
736793
736921
737039
737129
737263
737351
737501
737591
737717
737809
737927
738071
738211
738341
738443
738581
738743
738851
738961
739069
739171
739283
739369
739463
739579
739699
739829
739957
740087
740191
740351
740483
740599
740711
740897
741011
741119
741229
741401
741491
741641
741781
741869
742009
742151
742241
742351
742513
742607
742717
742897
742999
743131
743203
743321
743549
743689
743819
743923
744083
744239
744389
744511
744659
744767
744911
745033
745187
745307
745477
745621
745733
745873
745999
746107
746197
746303
746477
746561
746743
746839
746957
747107
747259
747391
747493
747587
747737
747841
747953
748091
748219
748343
748487
748609
748711
748817
748883
749027
749149
749249
749351
749453
749659
749779
749899
750037
750137
750223
750419
750571
750707
750803
750943
751061
751181
751273
751343
751453
751613
751711
751799
751909
752023
752149
752263
752359
752503
752639
752789
752867
753001
753139
753329
753437
753583
753677
753751
753859
754027
754109
754207
754289
754381
754513
754651
754781
754931
754993
755137
755257
755357
755449
755593
755737
755863
756023
756167
756281
756421
756571
756683
756829
756967
757157
757291
757387
757507
757633
757753
757909
758041
758159
758267
758363
758501
758617
758729
758827
758957
759047
759179
759313
759457
759559
759637
759719
759881
759973
760141
760231
760321
760457
760553
760657
760841
760933
761051
761179
761263
761389
761459
761561
761671
761807
761939
762037
762233
762371
762491
762583
762761
762893
762989
763093
763237
763381
763471
763583
763673
763811
763913
764011
764111
764251
764369
764539
764629
764809
764903
765031
765131
765209
765293
765409
765533
765659
765823
765899
766021
766127
766237
766357
766453
766543
766687
766813
766937
767071
767167
767323
767489
767587
767707
767827
767951
768107
768197
768323
768389
768491
768631
768787
768881
769019
769147
769261
769411
769541
769619
769739
769919
770027
770111
770207
770353
770503
770587
770669
770839
770929
771037
771179
771293
771431
771517
771629
771763
771899
772003
772147
772297
772393
772537
772661
772789
772913
773029
773153
773287
773417
773561
773659
773779
773879
773999
774119
774199
774317
774511
774629
774757
774833
774997
775097
775241
775367
775531
775661
775787
775937
776059
776177
776267
776453
776557
776719
776851
776977
777097
777181
777269
777391
777479
777643
777769
777877
778049
778121
778241
778363
778511
778579
778699
778793
778913
779021
779159
779329
779489
779591
779693
779791
779927
780047
780193
780347
780457
780631
780721
780851
780961
781063
781171
781301
781387
781483
781589
781721
781861
781969
782057
782141
782251
782387
782501
782687
782849
782993
783121
783227
783337
783487
783613
783703
783767
783869
784097
784211
784313
784409
784489
784583
784727
784897
785033
785153
785269
785341
785459
785573
785693
785803
785947
786059
786197
786329
786469
786659
786739
786889
786983
787099
787261
787427
787513
787609
787757
787823
787993
788087
788189
788321
788393
788521
788621
788789
788897
788999
789101
789227
789391
789533
789653
789739
789941
790043
790171
790289
790403
790519
790633
790739
790861
790969
791081
791209
791317
791443
791573
791783
791891
791971
792073
792223
792293
792397
792551
792637
792703
792871
792983
793139
793297
793447
793547
793669
793757
793867
793981
794071
794153
794231
794407
794531
794641
794749
794957
795083
795187
795307
795467
795581
795667
795791
795913
795997
796151
796267
796379
796517
796619
796751
796847
796933
797029
797131
797309
797429
797561
797633
797767
797917
798067
798143
798227
798383
798503
798647
798751
798923
799063
799223
799361
799483
799613
799723
799817
799979
800083
800161
800287
800417
800519
800593
800677
800759
800909
801007
801127
801293
801407
801551
801677
801811
801973
802121
802181
802339
802511
802643
802751
802831
803027
803171
803311
803441
803513
803651
803813
803927
804043
804157
804281
804383
804523
804613
804757
804877
804983
805067
805159
805271
805339
805487
805573
805729
805859
805991
806059
806203
806317
806453
806581
806789
806929
807077
807187
807281
807419
807511
807647
807809
807943
808111
808237
808363
808459
808601
808721
808837
808993
809143
809239
809357
809443
809569
809729
809801
809903
810049
810151
810281
810379
810457
810547
810671
810853
810961
811123
811207
811337
811493
811619
811709
811819
811961
812081
812213
812309
812393
812503
812641
812759
812969
813091
813209
813299
813419
813559
813707
813847
813997
814063
814183
814309
814423
814559
814687
814799
814903
815047
815209
815333
815453
815543
815669
815821
815953
816091
816169
816271
816443
816587
816709
816841
816917
817039
817127
817273
817357
817529
817697
817783
817889
817987
818143
818287
818359
818509
818687
818837
819001
819131
819251
819367
819443
819503
819629
819739
819827
819989
820129
820241
820333
820429
820597
820681
820789
820927
821057
821143
821291
821449
821519
821741
821827
821939
822049
822169
822277
822361
822539
822599
822697
822791
822889
823003
823177
823271
823421
823541
823643
823727
823819
823967
824069
824189
824393
824489
824641
824741
824843
824951
825049
825191
825281
825361
825479
825593
825701
825827
825971
826069
826193
826339
826411
826571
826673
826759
826883
826997
827143
827303
827443
827581
827719
827833
827923
828013
828127
828349
828449
828643
828731
828833
828941
829093
829193
829319
829519
829643
829733
829849
830003
830153
830293
830363
830477
830579
830719
830839
830939
831071
831217
831367
831461
831587
831661
831751
831851
831967
832123
832253
832369
832477
832607
832681
832757
832883
832969
833101
833251
833377
833491
833659
833759
833893
834013
834151
834287
834497
834607
834709
834829
834961
835099
835253
835399
835511
835643
835759
835859
835979
836131
836203
836327
836477
836611
836713
836833
836939
837077
837257
837377
837503
837659
837779
837931
838063
838157
838363
838441
838561
838633
838771
838909
838969
839131
839323
839441
839539
839633
839791
839899
840023
840163
840269
840439
840557
840709
840821
840929
841019
841147
841237
841327
841457
841651
841801
841931
842071
842159
842279
842353
842447
842521
842657
842813
842957
843091
843209
843331
843449
843553
843677
843797
843907
844111
844183
844297
844439
844507
844609
844733
844867
845017
845137
845237
845363
845491
845717
845849
845951
846067
846233
846361
846437
846647
846751
846913
846977
847073
847163
847277
847393
847537
847663
847787
847933
848051
848201
848359
848461
848591
848681
848791
848879
848983
849119
849221
849353
849533
849691
849767
849923
850027
850133
850243
850337
850427
850571
850753
850933
851051
851171
851267
851363
851471
851603
851723
851831
851971
852143
852233
852347
852557
852623
852763
852851
852959
853091
853241
853427
853571
853703
853813
853913
854041
854129
854303
854407
854479
854629
854849
854951
855079
855221
855317
855427
855601
855713
855787
855923
856061
856153
856279
856393
856507
856637
856733
856847
856949
857053
857201
857321
857431
857573
857707
857821
857951
858043
858167
858281
858433
858577
858713
858841
858953
859057
859223
859361
859477
859603
859697
859849
859973
860071
860257
860341
860417
860569
860663
860809
860921
861013
861089
861221
861433
861559
861691
861799
861899
861997
862123
862207
862283
862397
862483
862573
862727
862879
862987
863123
863287
863497
863641
863771
863879
864007
864079
864167
864289
864379
864511
864629
864757
864911
865003
865121
865247
865339
865481
865609
865721
865801
865877
866011
866101
866279
866431
866623
866713
866849
866953
867067
867203
867281
867409
867511
867619
867719
867829
868019
868121
868249
868349
868459
868577
868727
868817
868937
869021
869153
869291
869381
869489
869599
869773
869887
870007
870127
870223
870329
870437
870589
870703
870833
870929
871027
871229
871393
871571
871679
871837
871987
872089
872173
872257
872383
872471
872609
872731
872923
873073
873157
873343
873461
873569
873689
873787
874009
874121
874271
874387
874537
874651
874729
874831
874967
875129
875261
875333
875429
875521
875647
875731
875837
875983
876079
876191
876301
876431
876581
876677
876791
876913
877091
877213
877333
877411
877601
877783
877879
878021
878113
878197
878359
878489
878621
878719
878831
878939
879061
879169
879283
879401
879581
879667
879721
879881
880007
880097
880223
880343
880487
880573
880703
880813
880909
881017
881147
881249
881369
881477
881611
881779
881953
882061
882179
882289
882449
882577
882701
882851
882953
883093
883217
883307
883411
883537
883667
883777
883963
884069
884183
884293
884417
884501
884693
884831
884987
885107
885233
885359
885473
885589
885737
885869
885947
886019
886177
886283
886421
886511
886607
886751
886891
886993
887141
887267
887401
887543
887641
887707
887849
887989
888109
888247
888361
888451
888623
888721
888809
888959
889039
889177
889313
889411
889589
889703
889879
889963
890111
890231
890419
890551
890711
890833
890933
891047
891161
891323
891427
891551
891617
891743
891827
891923
892057
892159
892271
892439
892559
892667
892817
892973
893059
893149
893281
893407
893521
893681
893857
893939
894109
894193
894259
894403
894511
894613
894749
894917
895049
895171
895283
895361
895507
895649
895721
895813
895927
896107
896281
896369
896509
896587
896723
896927
897053
897157
897271
897401
897517
897601
897709
897881
898019
898133
898223
898307
898439
898549
898673
898819
898951
899153
899233
899413
899537
899719
899851
899981
900121
900233
900331
900539
900593
900719
900817
900971
901093
901193
901309
901441
901517
901687
901819
901963
902053
902227
902351
902483
902599
902723
902827
902981
903143
903269
903403
903527
903673
903803
903967
904093
904201
904357
904511
904619
904681
904781
904873
904997
905123
905207
905329
905491
905629
905713
905843
906007
906121
906259
906349
906461
906557
906691
906779
906901
907021
907163
907237
907367
907457
907567
907693
907807
907913
908053
908179
908321
908449
908533
908617
908741
908849
908911
909043
909133
909281
909341
909457
909599
909731
909809
909907
910069
910141
910277
910457
910621
910751
910883
911039
911159
911231
911327
911453
911633
911723
911839
911947
912053
912211
912349
912463
912523
912763
912853
912971
913067
913279
913421
913573
913753
913933
914131
914269
914363
914491
914591
914723
914819
914897
915049
915191
915259
915451
915589
915697
915839
915961
916099
916183
916291
916441
916511
916651
916841
916961
917089
917173
917281
917443
917573
917669
917771
917843
917993
918131
918209
918341
918439
918583
918733
918829
918949
919063
919183
919313
919421
919591
919757
919871
919951
920137
920233
920357
920443
920609
920741
920833
920963
921079
921197
921293
921467
921601
921733
921839
921931
922067
922211
922303
922423
922517
922637
922739
922931
923107
923183
923333
923437
923539
923603
923743
923903
923977
924059
924191
924359
924437
924557
924709
924773
924877
925033
925103
925189
925307
925423
925559
925663
925823
925943
926077
926161
926293
926411
926537
926657
926767
926899
927007
927161
927313
927491
927629
927727
927841
928043
928153
928271
928409
928513
928643
928787
928883
929023
929087
929209
929333
929483
929581
929671
929807
929941
930077
930187
930287
930467
930571
930707
930841
930989
931129
931241
931387
931571
931727
931811
931913
932021
932153
932231
932417
932513
932593
932749
932879
932969
933073
933259
933389
933523
933671
933809
933923
934009
934111
934243
934393
934489
934579
934721
934831
934909
935021
935149
935261
935413
935537
935653
935771
935899
936119
936227
936361
936487
936587
936709
936811
936941
937067
937231
937421
937571
937661
937751
937877
937969
938059
938207
938309
938437
938569
938747
938879
938983
939119
939247
939373
939487
939661
939773
939901
940019
940183
940279
940399
940531
940669
940783
940889
941009
941123
941221
941351
941467
941557
941663
941753
941929
942031
942113
942247
942371
942527
942659
942787
942889
943013
943127
943249
943357
943471
943601
943757
943837
943951
944137
944257
944393
944497
944579
944701
944833
944963
945151
945341
945431
945587
945701
945817
945937
946037
946163
946327
946459
946579
946727
946853
946949
947119
947299
947389
947501
947647
947747
947861
948007
948091
948253
948391
948469
948659
948839
948947
949043
949211
949387
949471
949609
949687
949849
949957
950029
950177
950269
950423
950507
950639
950737
950839
950959
951061
951161
951341
951437
951581
951689
951859
952001
952123
952219
952349
952487
952619
952739
952843
952943
953053
953191
953341
953501
953621
953747
953917
954007
954157
954259
954377
954497
954649
954763
954911
955037
955139
955261
955337
955477
955649
955777
955883
955967
956113
956273
956387
956569
956759
956909
957037
957119
957241
957403
957553
957659
957811
957949
958049
958183
958333
958393
958523
958637
958777
958883
958973
959173
959269
959383
959489
959677
959801
959911
960031
960139
960293
960419
960581
960677
960829
960983
961073
961139
961241
961397
961511
961627
961691
961783
961871
961993
962119
962267
962447
962543
962653
962779
962869
963019
963173
963253
963349
963497
963659
963751
963841
963973
964133
964259
964339
964499
964583
964721
964871
964967
965101
965189
965303
965423
965533
965659
965801
965983
966149
966241
966347
966431
966547
966661
966871
966971
967139
967321
967429
967529
967709
967823
967931
968027
968141
968263
968353
968467
968573
968729
968879
969011
969131
969259
969407
969497
969641
969757
969869
969989
970091
970237
970351
970481
970643
970789
970867
970967
971051
971149
971273
971381
971483
971591
971753
971899
971981
972091
972197
972313
972407
972533
972649
972823
972943
973057
973177
973331
973439
973597
973781
973897
974063
974167
974279
974417
974507
974591
974747
974861
974957
975017
975181
975281
975421
975523
975661
975811
975907
976039
976187
976307
976457
976559
976669
976849
977021
977167
977269
977411
977591
977723
977861
978017
978077
978203
978287
978413
978521
978683
978799
978917
979061
979177
979283
979373
979529
979717
979889
980069
980173
980327
980459
980591
980717
980851
980963
981073
981199
981301
981439
981527
981683
981809
981947
982067
982171
982301
982403
982603
982741
982841
982967
983131
983233
983347
983447
983557
983771
983849
983993
984121
984301
984367
984457
984587
984733
984881
985007
985129
985291
985417
985499
985631
985741
985877
985991
986131
986207
986351
986507
986593
986717
986813
986933
987029
987101
987251
987457
987587
987793
987929
988033
988147
988271
988409
988541
988649
988763
988901
989071
989249
989347
989477
989629
989753
989839
989951
990037
990211
990313
990383
990523
990643
990809
990953
991043
991147
991273
991429
991547
991651
991777
991909
991981
992113
992263
992371
992521
992659
992819
992923
993053
993203
993287
993437
993589
993779
993887
993997
994093
994241
994321
994453
994579
994709
994817
994913
995051
995227
995347
995447
995573
995669
995801
995959
996103
996187
996301
996431
996599
996703
996859
996979
997081
997141
997259
997343
997463
997609
997727
997813
997963
998077
998213
998353
998471
998623
998737
998843
998951
999049
999199
999331
999491
999613
999749
999917
1000037
1000171
1000253
1000381
1000457
1000619
1000721
1000861
1000999
1001089
1001197
1001323
1001411
1001549
1001659
1001801
1001947
1002073
1002151
1002289
1002403
1002503
1002619
1002739
1002821
1002913
1003039
1003141
1003307
1003397
1003549
1003693
1003771
1003909
1004057
1004167
1004317
1004461
1004599
1004737
1004911
1005029
1005133
1005239
1005359
1005457
1005581
1005679
1005911
1006021
1006153
1006231
1006307
1006391
1006513
1006633
1006783
1006897
1007023
1007137
1007299
1007417
1007549
1007693
1007759
1007857
1007959
1008043
1008223
1008331
1008421
1008541
1008617
1008809
1008901
1008991
1009157
1009243
1009343
1009439
1009559
1009651
1009837
1009963
1010129
1010291
1010423
1010549
1010717
1010791
1010903
1011029
1011139
1011271
1011377
1011559
1011667
1011779
1011943
1012049
1012171
1012261
1012397
1012463
1012559
1012657
1012751
1012903
1013029
1013237
1013377
1013527
1013629
1013729
1013839
1013933
1014127
1014199
1014331
1014457
1014593
1014731
1014863
1014989
1015081
1015199
1015403
1015481
1015561
1015723
1015843
1015967
1016053
1016159
1016303
1016423
1016581
1016731
1016849
1016947
1017077
1017199
1017319
1017391
1017553
1017683
1017817
1017953
1018109
1018271
1018429
1018583
1018697
1018807
1018907
1018999
1019129
1019267
1019377
1019471
1019617
1019713
1019801
1019903
1020043
1020143
1020301
1020413
1020557
1020707
1020827
1020931
1020997
1021093
1021243
1021301
1021387
1021541
1021673
1021807
1021961
1022083
1022191
1022341
1022467
1022573
1022689
1022843
1022963
1023083
1023221
1023301
1023391
1023541
1023719
1023851
1023991
1024151
1024313
1024399
1024547
1024669
1024799
1024931
1025021
1025119
1025231
1025327
1025419
1025543
1025659
1025803
1025911
1026043
1026197
1026299
1026413
1026563
1026677
1026829
1026917
1027031
1027181
1027289
1027427
1027549
1027703
1027783
1027987
1028081
1028149
1028263
1028393
1028569
1028683
1028837
1028969
1029113
1029247
1029341
1029467
1029547
1029647
1029823
1029937
1030031
1030121
1030291
1030429
1030571
1030739
1030817
1030949
1031081
1031279
1031411
1031489
1031623
1031741
1031911
1032107
1032287
1032377
1032491
1032607
1032709
1032833
1032943
1033057
1033181
1033313
1033393
1033489
1033601
1033741
1033829
1034027
1034171
1034239
1034357
1034489
1034599
1034767
1034857
1034959
1035107
1035257
1035379
1035469
1035581
1035707
1035893
1036027
1036129
1036253
1036331
1036459
1036613
1036747
1036831
1036957
1037089
1037273
1037401
1037503
1037657
1037791
1037917
1038029
1038157
1038259
1038391
1038529
1038629
1038731
1038913
1039039
1039153
1039327
1039469
1039607
1039789
1039931
1040059
1040153
1040227
1040411
1040563
1040717
1040803
1040881
1040989
1041137
1041239
1041317
1041461
1041577
1041731
1041853
1041961
1042091
1042187
1042309
1042439
1042583
1042693
1042837
1042997
1043131
1043221
1043377
1043531
1043639
1043759
1043857
1043969
1044133
1044209
1044299
1044409
1044559
1044697
1044779
1044877
1045021
1045129
1045237
1045391
1045493
1045573
1045727
1045859
1046051
1046189
1046347
1046449
1046599
1046711
1046867
1047031
1047127
1047239
1047317
1047469
1047587
1047701
1047821
1047941
1048027
1048189
1048343
1048507
1048609
1048721
1048867
1049011
1049101
1049177
1049333
1049479
1049569
1049683
1049827
1049897
1050031
1050191
1050317
1050437
1050593
1050769
1050901
1051019
1051153
1051313
1051469
1051571
1051663
1051811
1051927
1052041
1052197
1052299
1052437
1052561
1052719
1052819
1052981
1053089
1053259
1053401
1053509
1053589
1053739
1053953
1054033
1054181
1054267
1054369
1054477
1054607
1054721
1054903
1055057
1055189
1055321
1055423
1055567
1055731
1055851
1055939
1056053
1056169
1056281
1056373
1056509
1056617
1056773
1056911
1057033
1057181
1057307
1057487
1057607
1057703
1057883
1058009
1058117
1058227
1058353
1058479
1058597
1058693
1058779
1058921
1059061
1059169
1059263
1059419
1059547
1059697
1059787
1059931
1060061
1060207
1060321
1060393
1060487
1060621
1060781
1060993
1061141
1061279
1061393
1061561
1061647
1061759
1061869
1061993
1062203
1062367
1062521
1062683
1062827
1062931
1063033
1063157
1063243
1063427
1063523
1063619
1063739
1063847
1063921
1064017
1064177
1064281
1064383
1064519
1064671
1064783
1064941
1065019
1065131
1065283
1065433
1065569
1065697
1065821
1065937
1066067
1066237
1066333
1066433
1066577
1066729
1066867
1066987
1067083
1067239
1067383
1067497
1067611
1067741
1067837
1067951
1068107
1068247
1068329
1068439
1068577
1068707
1068803
1068913
1069051
1069199
1069307
1069459
1069561
1069631
1069777
1069927
1070011
1070149
1070243
1070341
1070431
1070543
1070683
1070851
1070987
1071149
1071233
1071349
1071443
1071569
1071683
1071821
1071943
1072147
1072301
1072429
1072543
1072793
1072859
1072961
1073099
1073201
1073311
1073441
1073573
1073711
1073837
1073953
1074083
1074253
1074371
1074509
1074643
1074719
1074883
1074971
1075069
1075159
1075241
1075391
1075489
1075601
1075681
1075769
1075957
1076063
1076143
1076281
1076417
1076507
1076651
1076773
1076903
1077079
1077227
1077371
1077539
1077697
1077793
1077911
1078019
1078153
1078331
1078411
1078657
1078757
1078873
1078993
1079081
1079189
1079317
1079431
1079539
1079669
1079797
1079917
1079999
1080089
1080223
1080307
1080433
1080539
1080679
1080791
1080857
1080973
1081121
1081231
1081331
1081477
1081681
1081757
1081853
1081981
1082129
1082197
1082369
1082467
1082597
1082717
1082911
1083059
1083167
1083301
1083377
1083497
1083659
1083809
1083911
1084043
1084157
1084309
1084451
1084553
1084669
1084793
1084939
1085023
1085143
1085327
1085443
1085633
1085767
1085867
1086031
1086139
1086251
1086343
1086443
1086559
1086689
1086859
1086937
1087117
1087291
1087423
1087543
1087673
1087787
1087873
1087987
1088093
1088267
1088413
1088519
1088621
1088707
1088831
1088977
1089113
1089259
1089457
1089551
1089709
1089919
1090031
1090189
1090333
1090459
1090597
1090757
1090877
1090937
1091021
1091137
1091221
1091287
1091401
1091527
1091633
1091737
1091887
1092059
1092163
1092269
1092379
1092473
1092659
1092821
1092907
1093007
1093129
1093243
1093357
1093493
1093591
1093699
1093789
1093927
1094011
1094123
1094263
1094411
1094519
1094603
1094693
1094809
1094923
1095047
1095209
1095313
1095443
1095551
1095713
1095793
1095907
1096061
1096189
1096363
1096481
1096561
1096727
1096853
1096969
1097081
1097203
1097351
1097461
1097599
1097717
1097861
1097933
1098109
1098221
1098379
1098481
1098649
1098791
1099031
1099139
1099279
1099393
1099493
1099573
1099711
1099793
1099927
1100041
1100149
1100261
1100381
1100503
1100641
1100807
1100899
1101103
1101253
1101377
1101467
1101577
1101689
1101803
1101931
1102063
1102181
1102279
1102427
1102537
1102681
1102757
1102891
1102991
1103107
1103213
1103353
1103519
1103611
1103749
1103903
1104079
1104179
1104293
1104403
1104533
1104671
1104751
1104823
1104941
1105109
1105213
1105337
1105501
1105589
1105651
1105807
1105913
1106087
1106197
1106279
1106423
1106527
1106653
1106779
1106891
1106999
1107109
1107319
1107439
1107553
1107721
1107797
1107917
1108057
1108171
1108267
1108423
1108501
1108579
1108703
1108759
1108907
1109057
1109219
1109327
1109431
1109561
1109737
1109851
1109921
1110077
1110247
1110353
1110479
1110587
1110719
1110859
1110953
1111021
1111151
1111247
1111379
1111493
1111637
1111723
1111853
1112003
1112107
1112197
1112341
1112471
1112567
1112663
1112777
1112899
1113011
1113149
1113239
1113401
1113527
1113703
1113809
1113953
1114049
1114249
1114361
1114501
1114601
1114721
1114837
1114943
1115071
1115237
1115329
1115449
1115551
1115641
1115767
1115899
1116077
1116229
1116337
1116473
1116601
1116749
1116893
1117027
1117117
1117273
1117433
1117513
1117657
1117759
1117861
1117943
1118027
1118149
1118309
1118479
1118629
1118779
1118861
1118951
1119091
1119281
1119449
1119611
1119733
1119857
1120019
1120159
1120303
1120423
1120519
1120607
1120711
1120787
1120901
1121011
1121101
1121231
1121357
1121447
1121651
1121831
1121987
1122103
1122227
1122371
1122481
1122643
1122757
1122941
1123181
1123303
1123399
1123511
1123601
1123699
1123867
1123943
1124083
1124203
1124303
1124441
1124597
1124719
1124831
1124993
1125127
1125217
1125359
1125469
1125571
1125739
1125871
1125973
1126201
1126343
1126439
1126537
1126663
1126781
1126889
1127039
1127177
1127281
1127369
1127461
1127587
1127741
1127857
1127993
1128161
1128289
1128397
1128527
1128629
1128713
1128779
1128931
1129019
1129159
1129307
1129439
1129523
1129679
1129787
1129889
1130047
1130237
1130317
1130431
1130587
1130699
1130809
1130953
1131083
1131191
1131323
1131419
1131523
1131677
1131787
1131881
1131973
1132141
1132321
1132471
1132561
1132643
1132783
1132919
1132997
1133149
1133239
1133359
1133513
1133633
1133731
1133857
1133963
1134079
1134187
1134313
1134479
1134587
1134703
1134863
1134977
1135087
1135187
1135283
1135427
1135613
1135721
1135859
1135951
1136081
1136183
1136327
1136417
1136587
1136659
1136813
1136939
1137067
1137203
1137329
1137503
1137629
1137767
1137881
1137973
1138127
1138367
1138441
1138591
1138717
1138829
1138961
1139059
1139227
1139309
1139471
1139549
1139713
1139849
1139951
1140131
1140253
1140379
1140487
1140619
1140787
1140913
1141013
1141093
1141229
1141291
1141417
1141541
1141717
1141867
1142003
1142131
1142263
1142359
1142509
1142677
1142809
1142917
1143047
1143101
1143239
1143391
1143563
1143679
1143829
1144001
1144147
1144261
1144349
1144477
1144589
1144721
1144877
1144951
1145093
1145203
1145323
1145411
1145593
1145741
1145843
1146043
1146217
1146367
1146511
1146671
1146773
1146823
1146917
1147043
1147169
1147247
1147351
1147453
1147579
1147709
1147889
1148029
1148177
1148327
1148507
1148647
1148737
1148879
1148989
1149151
1149229
1149403
1149509
1149601
1149749
1149887
1149989
1150117
1150213
1150363
1150511
1150631
1150729
1150823
1150921
1151047
1151159
1151243
1151383
1151471
1151603
1151701
1151873
1151999
1152119
1152233
1152397
1152623
1152707
1152799
1152979
1153063
1153177
1153249
1153393
1153511
1153613
1153759
1153921
1154119
1154227
1154323
1154449
1154563
1154707
1154863
1154987
1155107
1155239
1155403
1155529
1155629
1155733
1155901
1155967
1156037
1156157
1156297
1156403
1156523
1156637
1156751
1156873
1157053
1157171
1157243
1157341
1157489
1157621
1157729
1157837
1157977
1158133
1158263
1158383
1158473
1158587
1158673
1158799
1158923
1159049
1159187
1159271
1159423
1159577
1159721
1159877
1159997
1160147
1160251
1160363
1160473
1160581
1160749
1160911
1161007
1161107
1161233
1161343
1161463
1161547
1161659
1161791
1161893
1162043
1162219
1162303
1162463
1162543
1162621
1162729
1162859
1162943
1163017
1163119
1163207
1163329
1163473
1163587
1163671
1163759
1163891
1164029
1164181
1164343
1164479
1164589
1164671
1164829
1164967
1165069
1165187
1165279
1165399
1165583
1165751
1165861
1165943
1166083
1166213
1166383
1166497
1166579
1166713
1166833
1166953
1167139
1167241
1167349
1167539
1167637
1167709
1167833
1167919
1168093
1168247
1168357
1168487
1168637
1168789
1168879
1168997
1169131
1169261
1169369
1169473
1169603
1169741
1169873
1170023
1170131
1170233
1170373
1170517
1170607
1170713
1170821
1170979
1171111
1171241
1171399
1171529
1171637
1171801
1171931
1172021
1172111
1172317
1172429
1172533
1172671
1172803
1172933
1173043
1173191
1173349
1173511
1173589
1173803
1173937
1174031
1174171
1174273
1174399
1174499
1174619
1174739
1174847
1174969
1175107
1175257
1175411
1175521
1175659
1175767
1175849
1175969
1176089
1176221
1176377
1176509
1176607
1176737
1176871
1177009
1177129
1177219
1177399
1177507
1177619
1177723
1177859
1177997
1178101
1178189
1178263
1178393
1178549
1178669
1178753
1178909
1178981
1179173
1179281
1179337
1179467
1179583
1179757
1179869
1179979
1180057
1180141
1180279
1180409
1180547
1180691
1180799
1180877
1180957
1181053
1181197
1181309
1181471
1181573
1181723
1181879
1181981
1182133
1182289
1182413
1182487
1182659
1182757
1182889
1183003
1183123
1183211
1183337
1183451
1183597
1183739
1183837
1183969
1184077
1184171
1184317
1184413
1184489
1184653
1184791
1184927
1185071
1185181
1185337
1185463
1185589
1185671
1185787
1185883
1186001
1186111
1186249
1186403
1186589
1186739
1186841
1187009
1187159
1187287
1187363
1187471
1187587
1187707
1187821
1187933
1188017
1188151
1188259
1188359
1188527
1188619
1188731
1188917
1189021
1189151
1189271
1189403
1189577
1189637
1189759
1189879
1190011
1190149
1190291
1190473
1190587
1190719
1190821
1190929
1191061
1191131
1191277
1191409
1191559
1191667
1191767
1191923
1192039
1192153
1192241
1192357
1192483
1192651
1192817
1192897
1193021
1193149
1193261
1193429
1193513
1193663
1193743
1193849
1193971
1194103
1194253
1194383
1194521
1194667
1194763
1194883
1194979
1195123
1195223
1195429
1195549
1195693
1195801
1195927
1196087
1196227
1196347
1196491
1196597
1196729
1196863
1197011
1197103
1197199
1197289
1197407
1197571
1197739
1197901
1198013
1198103
1198229
1198343
1198447
1198607
1198727
1198877
1199039
1199137
1199357
1199447
1199551
1199629
1199767
1199857
1199993
1200167
1200341
1200403
1200581
1200697
1200839
1200949
1201049
1201153
1201261
1201481
1201567
1201703
1201853
1202017
1202099
1202231
1202329
1202473
1202603
1202779
1202849
1202987
1203161
1203283
1203443
1203571
1203691
1203799
1203901
1203971
1204153
1204289
1204451
1204583
1204711
1204871
1205047
1205173
1205377
1205489
1205627
1205707
1205819
1205977
1206113
1206209
1206341
1206461
1206581
1206713
1206781
1207001
1207117
1207249
1207343
1207441
1207603
1207769
1207979
1208089
1208219
1208341
1208507
1208677
1208797
1208939
1209083
1209199
1209287
1209457
1209577
1209707
1209811
1209959
1210051
1210177
1210369
1210427
1210549
1210747
1210831
1210921
1211051
1211183
1211333
1211477
1211593
1211659
1211741
1211843
1211999
1212121
1212251
1212373
1212479
1212649
1212769
1212851
1212931
1213049
1213141
1213271
1213451
1213577
1213657
1213781
1213909
1214023
1214141
1214261
1214407
1214489
1214639
1214711
1214867
1214971
1215121
1215239
1215367
1215457
1215587
1215703
1215853
1216021
1216151
1216351
1216451
1216577
1216717
1216823
1216937
1217023
1217107
1217191
1217303
1217423
1217533
1217683
1217831
1217933
1218121
1218221
1218367
1218467
1218617
1218739
1218901
1219003
1219177
1219307
1219457
1219607
1219679
1219783
1219847
1219913
1220027
1220239
1220363
1220507
1220711
1220801
1220927
1221061
1221167
1221299
1221457
1221551
1221659
1221811
1221971
1222129
1222253
1222411
1222561
1222667
1222769
1222889
1223021
1223149
1223263
1223381
1223527
1223683
1223773
1223941
1224077
1224169
1224269
1224403
1224577
1224763
1224887
1224983
1225093
1225153
1225319
1225493
1225579
1225691
1225849
1225927
1226053
1226189
1226299
1226417
1226549
1226663
1226767
1226851
1226993
1227157
1227319
1227463
1227637
1227797
1227917
1228009
1228159
1228277
1228393
1228519
1228603
1228763
1228891
1228987
1229141
1229237
1229329
1229447
1229563
1229719
1229897
1230013
1230181
1230329
1230377
1230521
1230637
1230829
1230967
1231091
1231199
1231283
1231379
1231469
1231589
1231709
1231807
1231889
1232083
1232269
1232393
1232527
1232659
1232831
1232977
1233101
1233251
1233377
1233509
1233599
1233751
1233923
1234067
1234241
1234379
1234537
1234703
1234799
1234901
1235083
1235177
1235287
1235417
1235501
1235669
1235831
1235947
1236163
1236317
1236479
1236611
1236713
1236791
1236959
1237063
1237199
1237283
1237417
1237519
1237627
1237823
1237931
1238051
1238177
1238291
1238423
1238533
1238683
1238767
1238893
1239013
1239179
1239311
1239379
1239509
1239599
1239739
1239899
1239989
1240097
1240219
1240361
1240517
1240669
1240763
1240931
1241039
1241203
1241341
1241417
1241507
1241651
1241813
1241939
1242061
1242167
1242271
1242413
1242611
1242767
1242869
1242979
1243141
1243337
1243421
1243537
1243663
1243793
1243889
1243997
1244059
1244197
1244357
1244447
1244543
1244687
1244813
1244911
1245037
1245187
1245401
1245557
1245691
1245791
1245929
1246061
1246207
1246307
1246367
1246459
1246529
1246631
1246757
1246919
1247063
1247209
1247321
1247447
1247563
1247651
1247797
1247923
1248019
1248119
1248241
1248353
1248493
1248593
1248757
1248869
1249013
1249099
1249187
1249333
1249433
1249559
1249691
1249811
1249901
1250057
1250173
1250297
1250453
1250551
1250737
1250831
1250971
1251097
1251259
1251431
1251581
1251713
1251857
1251947
1252073
1252187
1252283
1252439
1252631
1252739
1252897
1252997
1253099
1253323
1253471
1253621
1253741
1253897
1254013
1254079
1254179
1254301
1254467
1254553
1254647
1254751
1254899
1255039
1255129
1255201
1255313
1255421
1255591
1255693
1255831
1255963
1256107
1256279
1256429
1256597
1256711
1256819
1256903
1257017
1257089
1257239
1257317
1257463
1257569
1257719
1257877
1258013
1258139
1258211
1258337
1258429
1258531
1258657
1258771
1258877
1259017
1259081
1259179
1259329
1259537
1259639
1259743
1259899
1260031
1260163
1260317
1260437
1260551
1260673
1260769
1260887
1261033
1261177
1261313
1261427
1261627
1261747
1261837
1261969
1262099
1262237
1262377
1262509
1262623
1262731
1262881
1262941
1263109
1263193
1263323
1263461
1263547
1263677
1263817
1263949
1264049
1264259
1264387
1264573
1264667
1264819
1264897
1265041
1265111
1265249
1265377
1265479
1265597
1265729
1265861
1265941
1266047
1266149
1266263
1266359
1266469
1266563
1266743
1266841
1266929
1267103
1267193
1267381
1267501
1267633
1267771
1267891
1267999
1268143
1268261
1268369
1268537
1268633
1268777
1268867
1269013
1269119
1269223
1269337
1269467
1269601
1269757
1269923
1270063
1270151
1270301
1270417
1270531
1270579
1270679
1270879
1271029
1271117
1271203
1271339
1271429
1271551
1271701
1271827
1271953
1272079
1272191
1272283
1272379
1272577
1272679
1272881
1272961
1273087
1273213
1273331
1273421
1273543
1273681
1273781
1273919
1274071
1274209
1274333
1274461
1274633
1274803
1274941
1275173
1275293
1275467
1275569
1275707
1275823
1275899
1276027
1276129
1276243
1276409
1276571
1276679
1276777
1276927
1277039
1277137
1277299
1277461
1277597
1277741
1277849
1277993
1278139
1278253
1278391
1278481
1278623
1278733
1278857
1279027
1279141
1279249
1279361
1279519
1279643
1279727
1279843
1279937
1280129
1280231
1280399
1280549
1280677
1280791
1280921
1281083
1281193
1281317
1281439
1281551
1281697
1281803
1281937
1282033
1282133
1282277
1282399
1282507
1282607
1282693
1282817
1282951
1283069
1283171
1283353
1283521
1283677
1283767
1283903
1284043
1284223
1284341
1284473
1284601
1284737
1284851
1284977
1285111
1285213
1285289
1285451
1285549
1285717
1285811
1285903
1286039
1286177
1286273
1286419
1286561
1286653
1286783
1286881
1287047
1287157
1287289
1287401
1287511
1287623
1287749
1287841
1287973
1288043
1288169
1288307
1288429
1288571
1288697
1288823
1288891
1288997
1289129
1289273
1289401
1289551
1289653
1289779
1289921
1290049
1290169
1290299
1290463
1290571
1290659
1290857
1291009
1291159
1291249
1291379
1291489
1291673
1291877
1291999
1292131
1292251
1292371
1292509
1292597
1292713
1292843
1292989
1293157
1293277
1293367
1293499
1293619
1293821
1293931
1294021
1294123
1294277
1294393
1294583
1294691
1294841
1295027
1295131
1295243
1295323
1295491
1295603
1295737
1295849
1296007
1296101
1296277
1296391
1296521
1296601
1296727
1296877
1297013
1297129
1297217
1297333
1297403
1297507
1297631
1297739
1297963
1298111
1298197
1298351
1298573
1298723
1298849
1298989
1299097
1299223
1299341
1299449
1299601
1299743
