19
59
101
149
193
241
293
353
409
461
521
587
641
691
757
823
881
947
1013
1063
1123
1201
1277
1319
1423
1471
1531
1597
1657
1723
1789
1873
1949
2011
2083
2141
2237
2293
2357
2417
2503
2591
2663
2711
2777
2843
2917
3001
3079
3169
3251
3319
3373
3463
3533
3593
3671
3733
3821
3889
3947
4027
4111
4201
4259
4339
4423
4507
4583
4651
4729
4801
4909
4969
5023
5107
5197
5281
5387
5441
5507
5581
5659
5741
5821
5869
5981
6067
6133
6217
6287
6353
6427
6547
6607
6691
6779
6841
6917
6991
7069
7177
7243
7333
7457
7523
7577
7649
7723
7823
7901
7993
8087
8167
8237
8311
8419
8513
8597
8669
8731
8807
8867
8969
9043
9137
9209
9293
9377
9437
9511
9619
9689
9769
9839
9923
10037
10103
10177
10267
10333
10433
10513
10613
10691
10781
10867
10957
11059
11131
11239
11311
11399
11489
11587
11689
11783
11839
11933
12007
12101
12163
12263
12347
12433
12503
12577
12647
12739
12823
12917
12983
13063
13159
13241
13331
13421
13513
13619
13693
13759
13859
13921
14029
14143
14243
14341
14423
14519
14591
14669
14747
14821
14891
14983
15091
15173
15263
15319
15391
15473
15581
15649
15737
15803
15901
15991
16073
16183
16253
16363
16451
16553
16649
16729
16831
16927
17011
17093
17189
17293
17377
17443
17509
17599
17707
17791
17903
17971
18049
18131
18217
18289
18371
18451
18539
18671
18757
18899
19001
19081
19207
19273
19387
19441
19501
19583
19709
19793
19889
19973
20047
20123
20201
20323
20389
20479
20563
20693
20759
20879
20959
21023
21139
21193
21317
21397
21493
21563
21617
21737
21817
21893
22003
22073
22147
22259
22343
22441
22541
22637
22709
22783
22877
22993
23053
23131
23209
23321
23431
23549
23609
23687
23773
23869
23929
24023
24097
24169
24251
24391
24481
24593
24697
24809
24917
24989
25111
25183
25301
25367
25457
25579
25643
25741
25841
25931
26003
26111
26189
26267
26371
26449
26561
26681
26723
26821
26893
26987
27073
27191
27281
27409
27509
27617
27733
27779
27847
27947
28031
28111
28229
28349
28439
28541
28603
28661
28751
28837
28927
29027
29137
29209
29311
29399
29483
29587
29683
29819
29917
30029
30113
30197
30293
30391
30497
30593
30697
30803
30869
30971
31069
31153
31231
31307
31391
31517
31607
31721
31799
31957
32051
32117
32203
32303
32369
32441
32533
32609
32713
32801
32911
32987
33071
33161
33287
33349
33457
33533
33601
33679
33769
33857
33941
34061
34183
34273
34351
34457
34519
34613
34703
34807
34897
35027
35107
35201
35311
35401
35507
35573
35731
35831
35911
35999
36083
36191
36293
36383
36493
36571
36671
36749
36821
36913
36997
37087
37199
37309
37379
37493
37561
37633
37747
37861
37967
38069
38189
38281
38351
38461
38609
38693
38749
38861
38953
39047
39139
39227
39317
39397
39509
39619
39719
39821
39877
39983
40093
40169
40277
40427
40507
40597
40739
40823
40897
41011
41113
41183
41243
41357
41467
41549
41627
41729
41843
41911
41983
42073
42181
42257
42349
42433
42487
42589
42697
42767
42853
42953
43049
43159
43283
43403
43517
43609
43711
43789
43943
44017
44089
44179
44267
44381
44501
44579
44657
44771
44851
44953
45061
45161
45281
45343
45481
45569
45673
45767
45863
45979
46093
46183
46279
46399
46489
46589
46679
46757
46853
46993
47111
47189
47297
47387
47497
47569
47657
47741
47837
47939
48029
48157
48259
48371
48473
48539
48647
48757
48821
48907
49031
49117
49199
49297
49393
49477
49559
49669
49783
49853
49943
50051
50123
50227
50329
50417
50539
50627
50767
50867
50969
51061
51193
51263
51361
51439
51517
51607
51691
51803
51893
51977
52081
52183
52289
52387
52529
52609
52711
52813
52903
52999
53093
53173
53279
53381
53503
53609
53681
53783
53887
53959
54083
54181
54319
54403
54493
54559
54631
54751
54869
54973
55061
55171
55259
55373
55501
55619
55681
55793
55843
55931
56041
56131
56239
56369
56453
56519
56611
56711
56807
56893
56957
57059
57143
57223
57329
57413
57557
57653
57731
57809
57917
58031
58111
58199
58309
58393
58477
58601
58699
58789
58937
59021
59093
59183
59263
59377
59447
59557
59651
59729
59833
59981
60089
60161
60271
60383
60509
60623
60703
60779
60901
61001
61121
61253
61357
61469
61547
61631
61703
61837
61961
62039
62131
62213
62327
62473
62563
62653
62761
62873
62981
63079
63199
63317
63391
63473
63577
63647
63709
63799
63901
64019
64151
64237
64373
64489
64609
64693
64817
64921
65029
65119
65183
65309
65413
65521
65587
65677
65731
65843
65957
66067
66169
66337
66413
66523
66601
66721
66821
66923
67021
67121
67189
67273
67409
67481
67559
67651
67759
67843
67939
68041
68147
68261
68437
68501
68611
68713
68813
68903
69019
69143
69233
69341
69439
69499
69697
69821
69911
70009
70117
70183
70271
70379
70481
70573
70663
70793
70891
70969
71059
71161
71261
71341
71413
71483
71597
71713
71837
71909
71993
72089
72173
72271
72379
72497
72623
72701
72817
72907
72977
73063
73237
73351
73453
73553
73637
73721
73849
73951
74071
74161
74231
74353
74441
74531
74623
74731
74831
74903
75029
75167
75239
75347
75431
75541
75629
75709
75797
75941
76031
76147
76253
76369
76481
76561
76673
76781
76883
77003
77101
77237
77291
77383
77491
77563
77647
77723
77813
77951
78049
78167
78259
78367
78509
78583
78707
78803
78893
79039
79151
79241
79337
79423
79559
79631
79757
79841
79907
80021
80149
80231
80317
80447
80557
80657
80737
80809
80917
81017
81077
81181
81293
81373
81527
81619
81701
81799
81919
82003
82067
82189
82261
82373
82487
82567
82657
82781
82889
83009
83101
83231
83339
83423
83537
83621
83737
83869
83983
84089
84191
84299
84391
84463
84551
84691
84787
84913
85021
85103
85213
85313
85429
85523
85621
85711
85831
85933
86083
86179
86263
86351
86423
86531
86629
86767
86869
86993
87107
87211
87299
87421
87517
87587
87671
87743
87869
87961
88069
88237
88339
88493
88643
88741
88813
88897
89009
89087
89203
89293
89399
89501
89591
89659
89783
89891
89977
90031
90127
90217
90353
90437
90529
90647
90787
90887
90989
91121
91183
91291
91387
91463
91583
91733
91823
91951
92041
92173
92237
92353
92401
92503
92627
92693
92779
92861
92957
93083
93169
93257
93337
93481
93557
93701
93827
93923
94007
94111
94229
94331
94433
94531
94603
94727
94823
94933
95027
95111
95219
95287
95413
95483
95597
95713
95791
95891
95987
96097
96221
96323
96443
96517
96661
96757
96827
96959
97039
97169
97301
97397
97511
97583
97729
97847
97931
98041
98207
98317
98407
98479
98597
98713
98809
98899
98981
99083
99149
99259
99391
99523
99607
99709
99809
99881
100003
100151
100267
100361
100459
100537
100669
100787
100913
101009
101113
101197
101287
101383
101489
101573
101681
101771
101873
101977
102059
102139
102229
102317
102437
102539
102643
102763
102877
103001
103093
103237
103391
103483
103583
103687
103837
103963
104009
104113
104207
104311
104417
104543
104651
104717
104801
104911
105019
105167
105263
105361
105449
105533
105653
105761
105907
105997
106123
106219
106307
106391
106487
106627
106699
106781
106871
106963
107077
107197
107309
107453
107609
107717
107837
107923
108013
108127
108211
108293
108421
108529
108643
108769
108877
108943
109013
109133
109211
109331
109433
109519
109609
109741
109843
109913
110051
110221
110311
110459
110557
110609
110731
110849
110927
111031
111127
111253
111347
111491
111593
111697
111791
111869
111977
112103
112207
112279
112349
112507
112603
112759
112901
112979
113051
113131
113173
113327
113417
113539
113717
113783
113909
114001
114089
114203
114311
114467
114593
114661
114761
114847
114997
115099
115201
115309
115399
115547
115631
115751
115807
115873
115963
116099
116189
116293
116423
116531
116663
116789
116881
116969
117053
117191
117269
117373
117503
117617
117709
117787
117881
117977
118061
118211
118297
118423
118549
118669
118751
118873
118967
119087
119179
119293
119419
119557
119657
119737
119827
119923
120017
120103
120223
120349
120473
120587
120689
120767
120863
120937
121019
121151
121271
121349
121441
121531
121609
121721
121889
121993
122051
122167
122263
122363
122471
122557
122663
122789
122887
123001
123113
123229
123373
123439
123527
123631
123727
123821
123941
124067
124171
124277
124349
124471
124567
124699
124777
124897
125003
125117
125219
125311
125423
125539
125651
125731
125821
125941
126037
126143
126241
126349
126481
126583
126703
126781
126943
127079
127207
127289
127399
127529
127609
127691
127763
127867
127997
128147
128237
128339
128413
128489
128603
128693
128833
128941
129001
129113
129221
129313
129443
129517
129593
129733
129853
129967
130073
130199
130279
130379
130477
130579
130651
130787
130927
131041
131149
131293
131381
131489
131611
131711
131783
131909
132019
132151
132257
132361
132469
132547
132661
132739
132857
132953
133069
133157
133271
133349
133451
133583
133697
133811
133963
134053
134161
134257
134341
134437
134591
134699
134839
134923
135043
135173
135271
135353
135449
135559
135617
135719
135829
135929
136067
136189
136277
136361
136429
136519
136603
136711
136813
136943
136999
137147
137239
137359
137443
137567
137659
137791
137911
138007
138113
138209
138323
138427
138517
138599
138727
138841
138937
139109
139241
139333
139409
139501
139619
139729
139837
139943
140057
140177
140269
140381
140453
140587
140663
140759
140839
140939
141079
141199
141277
141397
141509
141623
141689
141773
141871
141991
142097
142189
142319
142433
142559
142657
142787
142897
142981
143141
143263
143413
143503
143573
143687
143807
143909
144037
144169
144289
144407
144497
144593
144731
144829
144941
145037
145177
145289
145423
145501
145589
145687
145777
145903
146009
146077
146203
146309
146407
146527
146647
146767
146857
146983
147089
147209
147293
147391
147487
147607
147703
147787
147919
148073
148171
148301
148403
148513
148633
148723
148853
148931
149027
149101
149183
149297
149393
149491
149561
149713
149803
149909
150011
150097
150211
150323
150413
150533
150617
150779
150889
150979
151057
151189
151279
151391
151499
151573
151651
151733
151847
151939
152063
152189
152287
152407
152501
152617
152723
152821
152899
152993
153113
153277
153371
153457
153533
153689
153817
153941
154057
154127
154243
154333
154439
154579
154681
154787
154877
155003
155119
155209
155327
155423
155539
155627
155717
155797
155887
156061
156157
156307
156437
156589
156677
156749
156899
157013
157109
157211
157271
157349
157477
157571
157721
157823
157907
158029
158189
158293
158393
158527
158611
158747
158849
158981
159113
159199
159337
159437
159539
159629
159721
159793
159899
160031
160117
160231
160373
160483
160619
160681
160757
160877
160997
161087
161221
161333
161459
161561
161641
161761
161873
161971
162079
162257
162389
162499
162593
162683
162751
162853
162971
163063
163181
163309
163409
163517
163633
163741
163853
163979
164051
164173
164251
164363
164447
164587
164683
164821
164987
165083
165229
165343
165449
165541
165617
165719
165857
165983
166147
166247
166351
166457
166603
166669
166799
166867
166987
167071
167149
167261
167381
167449
167611
167711
167861
167953
168071
168211
168323
168457
168559
168697
168803
168937
169063
169159
169259
169361
169489
169607
169691
169789
169909
169991
170101
170213
170293
170371
170497
170609
170711
170809
170887
171029
171131
171253
171401
171491
171617
171697
171799
171881
172021
172147
172219
172321
172423
172541
172619
172709
172829
172969
173053
173183
173273
173431
173549
173669
173743
173851
173969
174061
174143
174263
174367
174481
174613
174703
174821
174929
175061
175229
175349
175463
175621
175709
175829
175919
176017
176087
176201
176303
176369
176461
176537
176611
176747
176819
176933
177043
177209
177319
177431
177539
177739
177839
177929
178039
178151
178259
178361
178481
178567
178639
178793
178873
178933
179051
179161
179269
179381
179461
179563
179651
179737
179827
179939
180001
180137
180247
180331
180437
180541
180679
180799
181003
181141
181243
181387
181501
181619
181739
181837
181931
182029
182111
182201
182333
182443
182537
182627
182711
182839
182929
183041
183191
183307
183383
183487
183571
183691
183823
183949
184039
184153
184259
184351
184489
184607
184693
184829
184949
185051
185131
185221
185327
185477
185551
185677
185747
185831
185923
186013
186107
186211
186299
186419
186583
186679
186761
186877
187043
187127
187189
187303
187393
187477
187633
187721
187877
187963
188143
188273
188351
188443
188579
188693
188791
188869
188983
189127
189239
189349
189433
189509
189613
189701
189823
189929
190027
190159
190301
190391
190573
190649
190759
190829
190921
191071
191173
191299
191459
191531
191627
191717
191831
191969
192053
192173
192263
192373
192499
192587
192677
192799
192887
192979
193073
193189
193357
193441
193549
193649
193763
193859
193943
194069
194149
194309
194479
194609
194713
194819
194911
195043
195127
195229
195329
195427
195539
195709
195787
195907
195991
196087
196187
196307
196477
196579
196687
196799
196907
197033
197137
197257
197339
197419
197567
197651
197759
197891
197963
198083
198197
198301
198409
198491
198613
198719
198833
198941
199033
199181
199321
199417
199501
199657
199741
199819
199933
200033
200177
200293
200381
200513
200657
200789
200899
201007
201121
201233
201389
201493
201589
201683
201787
201847
201947
202049
202129
202291
202393
202549
202661
202753
202879
202981
203117
203233
203339
203417
203563
203659
203807
203911
204007
204133
204299
204367
204461
204583
204707
204803
204931
205063
205151
205253
205397
205463
205549
205651
205817
205951
206027
206123
206221
206291
206407
206489
206623
206803
206909
207013
207121
207239
207331
207443
207511
207589
207679
207811
207947
208037
208139
208253
208337
208457
208513
208631
208739
208891
208997
209159
209233
209327
209401
209533
209621
209717
209819
209929
210019
210127
210193
210283
210401
210491
210631
210761
210857
210961
211073
211199
211283
211373
211501
211639
211723
211817
211931
212057
212183
212297
212453
212579
212683
212867
212969
213079
213181
213263
213359
213481
213611
213727
213859
213953
214033
214141
214243
214391
214483
214589
214673
214783
214867
215051
215179
215297
215393
215497
215653
215767
215863
215981
216113
216217
216371
216493
216617
216731
216803
216917
217033
217169
217271
217361
217429
217561
217687
217781
217933
218077
218143
218287
218423
218521
218623
218717
218819
218941
219017
219097
219251
219371
219467
219587
219679
219761
219839
219937
220009
220151
220301
220391
220513
220613
220747
220859
220907
221069
221173
221251
221401
221497
221621
221717
221813
221953
222041
222137
222269
222349
222493
222613
222773
222857
222953
223049
223151
223253
223331
223439
223547
223681
223829
223939
224057
224171
224261
224359
224473
224603
224711
224831
224929
225067
225157
225257
225349
225479
225581
225683
225779
225919
226001
226129
226231
226379
226483
226609
226691
226813
226913
227093
227189
227281
227407
227497
227581
227653
227789
227977
228103
228211
228311
228421
228511
228593
228713
228799
228887
228983
229133
229217
229309
229423
229547
229627
229717
229777
229897
230003
230107
230221
230309
230387
230501
230647
230767
230861
230969
231067
231269
231347
231443
231547
231613
231799
231877
232003
232103
232217
232391
232487
232607
232711
232847
232937
233117
233231
233329
233423
233599
233689
233861
233969
234103
234191
234281
234361
234511
234599
234727
234809
234917
235003
235099
235231
235369
235519
235607
235751
235877
235997
236111
236261
236381
236479
236627
236723
236813
236917
237067
237161
237277
237373
237571
237701
237821
237959
238031
238141
238213
238313
238417
238519
238657
238747
238859
238949
239087
239233
239333
239431
239543
239641
239779
239873
239999
240073
240173
240287
240433
240571
240677
240769
240883
241013
241093
241249
241327
241429
241537
241639
241727
241823
241919
241993
242129
242257
242393
242479
242603
242681
242797
242923
243091
243167
243301
243433
243527
243623
243709
243857
243989
244121
244219
244313
244399
244481
244589
244687
244781
244877
245029
245149
245269
245407
245513
245593
245711
245789
245911
246049
246173
246251
246361
246511
246611
246709
246803
246913
246979
247141
247279
247391
247519
247607
247711
247811
247913
248033
248117
248201
248309
248431
248537
248627
248737
248827
248893
249079
249181
249287
249419
249499
249589
249727
249853
249947
250037
250147
250307
250489
250687
250753
250841
250967
251063
251171
251231
251347
251443
251527
251623
251789
251887
251971
252139
252209
252319
252431
252559
252709
252823
252911
253013
253159
253361
253439
253543
253637
253741
253819
253919
254021
254141
254257
254389
254537
254713
254791
254887
254977
255071
255149
255239
255371
255487
255589
255679
255839
255917
256019
256121
256199
256363
256489
256589
256721
256877
257003
257141
257263
257351
257447
257561
257707
257857
257947
258061
258143
258277
258373
258469
258569
258659
258737
258871
258983
259151
259213
259381
259499
259619
259691
259801
259937
260017
260189
260317
260419
260543
260647
260761
260873
260987
261071
261241
261353
261463
261587
261697
261791
261973
262103
262153
262303
262391
262513
262627
262723
262853
262981
263101
263209
263293
263423
263521
263611
263759
263867
263951
264059
264139
264289
264391
264559
264659
264779
264881
264977
265093
265193
265277
265423
265541
265619
265757
265861
266003
266081
266153
266291
266401
266521
266671
266759
266891
266957
267097
267203
267301
267403
267481
267557
267637
267713
267791
267887
267961
268133
268267
268487
268547
268729
268789
268883
268979
269063
269183
269257
269387
269473
269597
269719
269879
269987
270121
270217
270307
270421
270539
270601
270709
270821
270953
271057
271177
271277
271409
271517
271639
271771
271867
271981
272131
272227
272317
272381
272477
272603
272759
272887
272983
273067
273181
273289
273473
273617
273739
273899
273979
274103
274187
274277
274441
274583
274709
274817
274871
274993
275129
275207
275339
275449
275543
275641
275741
275911
275981
276047
276181
276277
276373
276499
276593
276739
276833
276929
277063
277183
277279
277427
277567
277657
277787
277891
278041
278147
278237
278387
278501
278609
278689
278809
278891
279023
279137
279311
279431
279553
279637
279751
279883
280009
280121
280229
280337
280499
280589
280681
280769
280883
280957
281069
281207
281297
281419
281551
281641
281737
281807
281921
282001
282101
282241
282377
282461
282599
282703
282833
282917
283051
283139
283277
283487
283579
283687
283807
283937
284057
284153
284237
284369
284477
284561
284659
284741
284813
284917
285071
285161
285287
285457
285553
285641
285731
285839
285997
286103
286333
286453
286513
286613
286721
286813
287003
287137
287233
287297
287437
287597
287747
287863
288023
288181
288283
288389
288499
288647
288733
288851
288979
289039
289129
289213
289309
289423
289559
289669
289789
289897
290021
290107
290209
290359
290447
290539
290657
290737
290861
290993
291101
291199
291331
291437
291539
291677
291791
291899
292037
292147
292283
292393
292493
292627
292711
292819
292969
293099
293201
293329
293459
293621
293723
293861
294001
294127
294211
294293
294383
294499
294649
294781
294869
294979
295073
295201
295313
295433
295571
295759
295853
295937
296027
296159
296269
296377
296509
296591
296719
296797
296921
297023
297151
297289
297439
297533
297641
297793
297893
298013
298153
298223
298343
298477
298621
298709
298819
298999
299099
299213
299357
299447
299539
299683
299777
299933
300023
300163
300277
300367
300493
300593
300691
300779
300877
300977
301123
301219
301333
301447
301577
301657
301759
301897
301991
302167
302273
302417
302567
302647
302791
302891
302977
303049
303151
303299
303377
303491
303581
303679
303767
303907
304021
304099
304223
304363
304457
304537
304651
304763
304867
304943
305033
305143
305297
305407
305479
305593
305719
305821
305933
306083
306191
306329
306419
306503
306589
306739
306853
306941
307067
307169
307267
307367
307511
307627
307711
307873
308041
308141
308303
308411
308509
308597
308761
308887
308999
309083
309173
309289
309403
309503
309599
309731
309853
310019
310117
310237
310363
310481
310571
310721
310801
310901
311027
311177
311299
311407
311557
311681
311791
311951
312047
312197
312251
312343
312427
312581
312677
312773
312929
313003
313133
313249
313333
313477
313583
313669
313763
313897
313981
314077
314189
314263
314401
314527
314623
314747
314879
315011
315109
315257
315407
315493
315589
315691
315811
315937
316051
316177
316259
316373
316493
316621
316699
316801
316903
317011
317123
317263
317353
317459
317591
317693
317773
317887
317983
318137
318229
318301
318407
318557
318671
318749
318841
318949
319069
319169
319313
319399
319483
319589
319691
319817
319927
320027
320107
320213
320303
320431
320561
320669
320821
320923
321047
321187
321301
321367
321467
321611
321721
321823
321949
322051
322139
322249
322403
322519
322591
322727
322859
322963
323083
323207
323359
323443
323579
323699
323803
323951
324097
324199
324301
324427
324497
324617
324707
324809
324931
325001
325081
325217
325319
325453
325543
325681
325753
325877
325957
326099
326159
326351
326503
326597
326687
326863
326947
327023
327203
327311
327409
327491
327571
327673
327799
327871
327983
328103
328249
328343
328439
328619
328721
328847
328961
329101
329209
329299
329419
329557
329657
329729
329873
329993
330067
330203
330289
330409
330563
330661
330749
330857
330997
331141
331231
331333
331447
331547
331651
331777
331897
331997
332113
332203
332309
332467
332569
332729
332873
332989
333097
333209
333323
333427
333497
333631
333721
333821
333989
334099
334231
334363
334447
334561
334693
334777
334897
335029
335113
335213
335347
335473
335591
335693
335821
335953
336103
336199
336263
336437
336551
336643
336757
336827
336929
337039
337201
337291
337369
337517
337633
337741
337861
337949
338137
338203
338279
338347
338449
338573
338717
338839
338999
339127
339239
339373
339557
339653
339761
339863
340037
340117
340261
340387
340481
340601
340709
340819
340919
341017
341141
341273
341339
341491
341603
341701
341827
341953
342061
342187
342281
342371
342469
342599
342733
342847
342989
343141
343243
343327
343423
343559
343639
343787
343897
344017
344167
344231
344291
344423
344599
344693
344819
344917
345011
345139
345271
345463
345571
345659
345739
345823
345953
346097
346201
346321
346397
346453
346589
346669
346849
346961
347069
347173
347251
347401
347539
347651
347773
347899
347987
348077
348221
348323
348433
348547
348637
348769
348911
349039
349133
349291
349379
349471
349567
349717
349829
349919
350003
350137
350281
350431
350561
350677
350767
350881
350983
351059
351179
351293
351391
351497
351653
351751
351851
351971
352081
352217
352327
352403
352483
352601
352741
352841
352951
353081
353179
353333
353459
353603
353681
353797
353897
354017
354097
354247
354317
354391
354479
354647
354743
354847
354973
355039
355111
355321
355441
355519
355633
355753
355853
355967
356129
356261
356399
356533
356663
356821
356959
357079
357197
357283
357421
357563
357649
357703
357793
357967
358079
358219
358297
358429
358541
358667
358733
358859
358931
359027
359147
359267
359357
359479
359587
359719
359869
360049
360187
360287
360421
360589
360781
360869
360979
361111
361241
361357
361451
361541
361679
361793
361909
362003
362107
362221
362339
362407
362561
362717
362863
362969
363059
363179
363317
363397
363497
363577
363719
363829
363941
364069
364187
364303
364411
364513
364621
364739
364879
364979
365089
365201
365303
365423
365509
365591
365747
365839
366013
366133
366211
366293
366409
366497
366677
366787
366881
366973
367049
367189
367273
367397
367547
367649
367739
367841
367957
368107
368197
368323
368453
368579
368717
368803
368957
369097
369211
369331
369539
369703
369829
369959
370033
370147
370247
370439
370529
370619
370759
370891
371083
371191
371291
371359
371491
371633
371831
371929
372023
372137
372271
372371
372473
372629
372719
372809
372881
373007
373171
373229
373349
373463
373621
373753
373909
374009
374093
374189
374321
374447
374639
374713
374797
374903
374993
375097
375163
375253
375371
375467
375563
375673
375787
375967
376039
376153
376297
376471
376577
376657
376769
376841
376933
377099
377219
377339
377477
377563
377687
377801
377963
378089
378193
378289
378463
378569
378671
378793
378919
379009
379123
379207
379369
379451
379573
379681
379787
379903
379999
380147
380267
380333
380459
380623
380777
380879
380983
381097
381239
381371
381443
381533
381673
381791
381943
382061
382229
382357
382507
382589
382703
382801
382883
383029
383107
383261
383393
383521
383623
383723
383813
383923
384029
384143
384253
384331
384473
384581
384697
384817
384919
385069
385153
385279
385393
385519
385597
385739
385843
385967
386093
386161
386297
386381
386489
386611
386713
386887
387007
387137
387227
387371
387509
387659
387763
387917
388067
388169
388259
388373
388499
388673
388781
388897
389003
389099
389189
389303
389479
389563
389663
389783
389903
389981
390101
390193
390323
390407
390487
390647
390739
390851
390967
391063
391177
391291
391393
391537
391679
391757
391889
391999
392111
392209
392269
392351
392477
392599
392741
392837
392929
393031
393121
393209
393331
393473
393571
393649
393727
393859
393977
394099
394223
394363
394501
394619
394727
394817
394963
395047
395141
395251
395377
395491
395621
395741
395897
396041
396173
396269
396377
396523
396619
396709
396919
397013
397127
397253
397357
397489
397589
397723
397811
397963
398059
398149
398273
398357
398471
398569
398683
398821
398941
399071
399163
399271
399403
399523
399613
399727
399851
399953
400069
400207
400297
400417
400597
400703
400849
400963
401087
401231
401341
401477
401627
401771
401903
401993
402091
402239
402341
402443
402559
402697
402803
402923
403049
403159
403289
403391
403553
403679
403787
403901
404011
404123
404249
404357
404449
404533
404779
404951
405037
405179
405269
405401
405499
405611
405703
405817
405917
406027
406177
406327
406447
406559
406649
406807
406969
407149
407233
407317
407437
407567
407657
407783
407861
407971
408091
408211
408311
408427
408533
408659
408763
408869
408997
409099
409261
409351
409471
409579
409711
409817
409897
409993
410141
410243
410353
410461
410561
410687
410789
410953
411049
411157
411259
411421
411529
411617
411721
411821
411947
412039
412133
412213
412339
412493
412619
412771
412939
413069
413141
413243
413429
413557
413711
413827
413951
414077
414199
414283
414389
414487
414611
414697
414769
414889
414977
415097
415187
415343
415489
415603
415673
415787
415931
415999
416153
416263
416401
416477
416579
416761
416887
417037
417173
417271
417379
417509
417617
417727
417821
417947
418031
418157
418273
418349
418459
418631
418751
418819
418909
418997
419161
419281
419417
419483
419579
419693
419803
419933
420073
420253
420323
420419
420521
420677
420781
420899
421033
421133
421273
421397
421483
421639
421711
421847
422041
422101
422231
422321
422453
422573
422749
422861
422923
423061
423133
423257
423341
423461
423557
423707
423791
423931
424019
424129
424231
424339
424481
424597
424727
424829
424909
425057
425189
425291
425393
425501
425641
425813
425899
426011
426163
426311
426427
426611
426731
426787
426917
427039
427151
427279
427381
427451
427591
427733
427879
427969
428041
428167
428297
428471
428563
428671
428801
428951
429119
429223
429347
429431
429511
429599
429701
429823
429907
429973
430091
430279
430427
430553
430697
430769
430861
430949
431047
431153
431267
431377
431513
431621
431759
431863
431933
432043
432143
432251
432349
432449
432557
432659
432793
432923
433049
433123
433249
433337
433429
433571
433673
433781
433889
434039
434179
434267
434377
434461
434593
434719
434831
434923
434989
435143
435247
435349
435439
435569
435647
435751
435881
435983
436097
436253
436357
436483
436607
436727
436841
436979
437111
437219
437351
437473
437557
437693
437849
437977
438143
438271
438401
438521
438623
438733
438869
438967
439133
439273
439409
439511
439613
439723
439811
439919
440039
440179
440281
440389
440507
440579
440711
440821
440953
441053
441157
441257
441421
441547
441647
441799
441913
442027
442147
442217
442333
442487
442577
442721
442807
442903
443011
443117
443189
443273
443389
443489
443591
443731
443851
443917
444029
444131
444271
444349
444473
444557
444677
444817
444893
445019
445141
445279
445447
445573
445691
445807
445937
446087
446221
446323
446441
446569
446753
446891
447001
447133
447233
447353
447467
447617
447757
447859
447991
448111
448193
448351
448519
448687
448807
448883
449011
449149
449243
449321
449419
449567
449677
449783
449941
450019
450127
450227
450311
450413
450503
450617
450761
450829
450899
451013
451159
451301
451397
451547
451667
451753
451873
451939
452077
452213
452363
452531
452629
452797
452953
453119
453209
453311
453451
453617
453703
453847
453961
454061
454211
454303
454417
454547
454709
454843
454931
455047
455177
455291
455393
455473
455573
455683
455809
455941
456023
456151
456349
456457
456557
456641
456763
456881
457003
457099
457229
457333
457411
457553
457669
457799
457943
458057
458197
458357
458501
458611
458719
458863
458959
459023
459167
459293
459377
459479
459631
459791
459929
460081
460181
460301
460417
460609
460709
460841
460949
461011
461147
461273
461381
461479
461627
461801
461933
462079
462199
462361
462467
462569
462659
462739
462899
463033
463231
463313
463447
463523
463649
463763
463867
463973
464081
464173
464281
464413
464537
464621
464767
464843
464941
465013
465107
465187
465317
465433
465611
465743
465887
466009
466087
466243
466339
466517
466619
466747
466909
467021
467171
467297
467437
467507
467617
467681
467783
467897
468011
468109
468191
468323
468473
468581
468661
468739
468859
468967
469127
469241
469363
469487
469627
469747
469841
469969
470087
470207
470297
470411
470473
470593
470663
470791
470903
471007
471161
471259
471391
471509
471617
471697
471817
471929
472057
472151
472273
472391
472541
472669
472763
472907
473027
473191
473293
473411
473503
473597
473741
473887
473971
474059
474163
474311
474413
474533
474629
474757
474899
474959
475103
475229
475331
475421
475529
475649
475751
475831
475907
476023
476101
476237
476369
476479
476611
476719
476851
476981
477077
477277
477409
477551
477671
477797
477881
478039
478157
478253
478399
478453
478579
478711
478801
478879
478967
479137
479239
479357
479473
479581
479761
479861
479957
480059
480157
480341
480419
480517
480587
480773
480929
481009
481109
481181
481307
481447
481589
481697
481813
481909
482051
482203
482323
482407
482513
482633
482717
482803
482917
483097
483229
483337
483443
483557
483697
483773
483869
484027
484129
484243
484373
484489
484621
484769
484999
485113
485209
485411
485543
485689
485831
485993
486103
486221
486331
486433
486539
486643
486721
486839
486977
487079
487213
487363
487457
487589
487691
487783
487889
488009
488153
488233
488317
488401
488539
488641
488743
488861
488993
489113
489239
489361
489457
489571
489691
489823
489913
490019
490151
490249
490393
490519
490579
490733
490877
490967
491083
491219
491333
491429
491537
491651
491773
491867
492013
492083
492299
492431
492587
492671
492769
492911
493067
493147
493231
493351
493463
493607
493729
493853
493967
494077
494191
494317
494407
494561
494647
494723
494803
494939
495109
495199
495323
495401
495511
495611
495701
495791
495899
496007
496163
496291
496427
496499
496687
496841
496919
497051
497171
497291
497417
497509
497603
497719
497839
497969
498089
498227
498391
498493
498599
498733
498803
498947
499063
499151
499267
499391
499507
499621
499687
499787
499943
500069
500177
500257
500389
500483
500629
500741
500881
500953
501043
501173
501233
501383
501511
501691
501817
501947
502057
502171
502321
502499
502613
502717
502841
503003
503159
503287
503383
503501
503621
503771
503857
503963
504073
504187
504311
504403
504563
504671
504821
504937
505031
505111
505201
505319
505411
505513
505633
505711
505867
505979
506171
506291
506393
506507
506599
506729
506843
506941
507079
507163
507347
507461
507593
507713
507821
507953
508073
508213
508301
508439
508549
508643
508817
508931
509027
509149
509297
509429
509563
509653
509737
509863
509963
510077
510199
510287
510403
510569
510683
510817
510943
511087
511177
511279
511391
511487
511583
511711
511859
511963
512101
512311
512497
512579
512663
512767
512899
512999
513067
513169
513311
513407
513511
513683
513767
513917
514021
514117
514243
514343
514499
514621
514733
514819
514889
515111
515237
515377
515579
515677
515773
515873
516017
516161
516233
516349
516433
516539
516623
516721
516871
516973
517079
517189
517267
517393
517481
517553
517637
517817
517931
518059
518153
518239
518389
518509
518657
518759
518831
518989
519107
519229
519353
519457
519553
519683
519797
519923
520031
520151
520313
520393
520547
520633
520759
520913
521021
521137
521243
521359
521471
521539
521669
521777
521879
521999
522113
522229
522323
522449
522569
522689
522787
522883
523021
523207
523357
523489
523577
523673
523793
523937
524071
524189
524261
524387
524519
524701
524857
524941
524999
525143
525241
525373
525457
525571
525697
525781
525923
526037
526121
526231
526373
526459
526583
526667
526759
526871
526993
527123
527209
527353
527447
527599
527741
527869
527987
528107
528223
528383
528491
528659
528779
528881
529003
529103
529213
529313
529423
529579
529691
529813
529961
530041
530183
530267
530359
530513
530603
530713
530833
530947
531079
531197
531331
531497
531613
531793
531863
531997
532141
532249
532333
532447
532547
532663
532771
532867
533009
533129
533237
533327
533459
533671
533801
533909
533999
534073
534203
534323
534473
534607
534671
534851
534971
535133
535237
535387
535529
535663
535757
535919
536017
536111
536227
536311
536443
536513
536651
536749
536849
536933
537023
537133
537241
537379
537587
537739
537841
537991
538121
538201
538309
538457
538553
538697
538777
538877
539039
539141
539261
539339
539503
539641
539743
539881
540101
540181
540301
540389
540539
540619
540751
540863
541027
541181
541283
541391
541529
541589
541721
541831
541991
542081
542149
542251
542441
542537
542683
542783
542921
543017
543149
543233
543311
543427
543601
543689
543797
543883
544001
544123
544259
544451
544601
544723
544837
544927
545063
545189
545371
545497
545609
545731
545863
545947
546071
546179
546289
546391
546587
546677
546859
546961
547097
547241
547363
547471
547559
547643
547763
547871
548059
548189
548309
548417
548519
548629
548753
548843
548953
549071
549167
549281
549431
549547
549643
549733
549863
550007
550127
550213
550369
550489
550621
550703
550813
550939
551027
551129
551281
551407
551543
551659
551743
551861
551981
552091
552239
552353
552493
552649
552757
552859
553013
553099
553207
553363
553471
553573
553667
553759
553901
554011
554137
554263
554417
554569
554669
554767
554839
554951
555077
555221
555337
555487
555671
555767
555953
556069
556229
556313
556441
556573
556651
556741
556817
556891
557017
557093
557303
557443
557551
557693
557779
557899
558067
558179
558289
558457
558533
558643
558787
558913
559051
559183
559277
559421
559541
559631
559709
559841
559967
560083
560159
560233
560311
560471
560551
560683
560783
560891
561047
561103
561277
561389
561559
561787
561943
562043
562231
562313
562409
562517
562621
562699
562789
562943
563011
563113
563249
563411
563503
563663
563837
563971
564089
564197
564301
564391
564467
564653
564779
564923
565039
565177
565273
565379
565463
565553
565637
565793
565921
566077
566183
566347
566443
566563
566693
566791
566963
567059
567187
567383
567493
567649
567751
567863
567949
568069
568177
568273
568433
568549
568691
568831
568979
569057
569159
569249
569419
569573
569663
569759
569843
569939
570049
570131
570253
570413
570499
570587
570677
570827
570919
571031
571157
571267
571399
571583
571709
571799
571873
572041
572137
572269
572387
572479
572587
572657
572791
572879
572969
573143
573289
573409
573497
573647
573763
573871
573973
574109
574219
574367
574493
574627
574723
574859
575009
575129
575231
575369
575489
575593
575699
575837
575941
576031
576167
576287
576421
576523
576617
576701
576769
576967
577081
577193
577333
577457
577537
577639
577817
577919
578041
578191
578311
578419
578509
578609
578729
578839
578971
579113
579263
579407
579517
579583
579673
579779
579907
580033
580201
580339
580471
580607
580693
580793
580901
581041
581149
581239
581351
581447
581573
581699
581809
581921
582031
582167
582251
582433
582563
582719
582781
582931
583019
583169
583267
583391
583481
583603
583697
583841
583969
584063
584261
584393
584531
584627
584723
584869
584971
585043
585131
585289
585437
585569
585671
585757
585863
585919
586073
586189
586349
586459
586571
586667
586801
586903
586979
587087
587173
587287
587429
587527
587617
587711
587813
587933
588019
588121
588239
588383
588503
588641
588743
588881
589021
589163
589243
589387
589529
589643
589793
589903
590071
590153
590279
590389
590573
590669
590813
590959
591089
591193
591341
591469
591611
591743
591863
592027
592133
592289
592367
592469
592589
592663
592793
592919
593041
593143
593231
593323
593449
593531
593641
593839
593977
594119
594211
594313
594427
594533
594653
594773
594911
595003
595093
595181
595271
595363
595519
595687
595817
595957
596053
596147
596261
596399
596573
596663
596779
596863
596977
597131
597269
597391
597497
597593
597679
597823
597923
598093
598189
598369
598463
598649
598727
598867
598973
599087
599243
599359
599477
599597
599699
599831
599941
600073
600233
600311
600403
600517
600659
600823
600893
601021
601127
601241
601319
601451
601631
601763
601873
601981
602093
602201
602309
602401
602513
602639
602743
602867
602977
603101
603217
603401
603529
603641
603769
603853
603919
604013
604237
604339
604433
604589
604699
604801
604883
605021
605147
605249
605393
605509
605603
605779
605887
605993
606079
606241
606379
606521
606643
606743
606863
606997
607081
607153
607261
607349
607531
607697
607823
607933
608033
608161
608303
608393
608497
608633
608749
608863
608977
609101
609209
609289
609397
609509
609601
609709
609859
609989
610187
610289
610439
610559
610667
610781
610847
610933
611071
611207
611389
611483
611603
611791
611887
611977
612061
612149
612263
612373
612553
612679
612809
612889
613013
613177
613247
613367
613469
613577
613673
613817
613967
614093
614179
614333
614527
614623
614701
614827
614927
615101
615253
615367
615449
615557
615709
615773
615887
616051
616141
616223
616327
616439
616523
616669
616783
616871
616997
617087
617191
617311
617401
617509
617677
617731
617843
617971
618131
618271
618361
618521
618619
618823
618929
619027
619159
619273
619391
619583
619687
619807
619909
620033
620197
620303
620393
620507
620623
620731
620831
620957
621059
621227
621347
621451
621619
621721
621869
621997
622103
622187
622331
622481
622571
622663
622813
622967
623059
623279
623353
623477
623641
623719
623851
623947
624047
624163
624259
624391
624497
624601
624727
624809
624977
625109
625213
625343
625489
625627
625763
625883
626009
626173
626317
626443
626609
626687
626771
626921
627059
627139
627269
627383
627547
627661
627791
627943
628051
628189
628289
628423
628583
628721
628811
628939
629059
629249
629383
629509
629617
629737
629843
629927
630029
630169
630307
630481
630589
630713
630863
630967
631151
631249
631387
631471
631559
631679
631789
631889
631991
632101
632227
632323
632389
632521
632669
632777
632923
633037
633197
633317
633449
633569
633667
633799
633943
634079
634181
634267
634367
634511
634603
634709
634817
634927
635051
635249
635317
635389
635507
635639
635777
635891
635981
636073
636241
636319
636469
636569
636731
636821
636953
637097
637243
637327
637447
637531
637669
637751
637873
638059
638177
638347
638489
638663
638839
638993
639137
639257
639361
639511
639601
639701
639851
639983
640061
640163
640261
640421
640583
640687
640847
640943
641077
641197
641317
641453
641551
641747
641827
641909
642071
642163
642253
642457
642581
642779
642877
642977
643073
643213
643403
643507
643639
643723
643883
644009
644117
644191
644327
644411
644531
644629
644731
644843
644923
645037
645137
645353
645467
645571
645649
645751
645889
646013
646159
646259
646379
646523
646631
646823
646897
646993
647111
647219
647357
647453
647579
647663
647771
647891
648019
648101
648217
648317
648433
648629
648731
648889
649001
649093
649273
649381
649487
649573
649657
649777
649849
649969
650107
650291
650449
650567
650759
650863
650987
651109
651221
651293
651461
651641
651733
651841
651943
652087
652241
652339
652429
652549
652621
652739
652849
652937
653083
653209
653363
653537
653641
653743
653879
653963
654047
654167
654257
654413
654539
654623
654749
654839
654991
655087
655229
655331
655453
655559
655651
655847
655961
656141
656291
656371
656483
656651
656741
656839
656993
657091
657257
657361
657491
657583
657707
657893
658043
658139
658253
658349
658453
658591
658681
658841
658961
659059
659177
659327
659473
659591
659669
659783
659917
660029
660119
660227
660347
660493
660589
660661
660791
660893
661009
661103
661217
661361
661483
661621
661823
661931
662029
662149
662287
662401
662531
662657
662773
662899
663001
663149
663263
663371
663547
663599
663737
663869
663977
664067
664151
664289
664427
664561
664621
664693
664843
664997
665089
665179
665279
665387
665549
665633
665783
665923
666031
666139
666269
666437
666557
666671
666769
666901
667021
667181
667333
667427
667547
667657
667769
667867
668009
668141
668273
668531
668611
668737
668867
668963
669107
669247
669371
669451
669637
669701
669857
669937
670049
670199
670297
670409
670517
670627
670763
670897
671017
671131
671257
671357
671477
671609
671753
671903
671971
672079
672167
672271
672377
672577
672743
672817
672937
673063
673129
673271
673391
673451
673553
673643
673801
673961
674117
674231
674357
674501
674683
674749
674833
674953
675097
675179
675271
675419
675553
675629
675823
675923
676031
676111
676259
676387
676523
676717
676829
676931
677011
677113
677239
677423
677539
677681
677813
678023
678169
678253
678401
678481
678593
678653
678763
678871
678989
679127
679229
679363
679451
679597
679709
679823
679897
679981
680083
680209
680321
680411
680509
680633
680803
680929
681041
681137
681259
681403
681493
681613
681731
681841
681979
682079
682237
682327
682439
682547
682723
682819
683047
683201
683341
683453
683567
683699
683783
683861
683939
684113
684239
684349
684469
684587
684731
684809
684973
685063
685169
685319
685427
685537
685649
685753
685963
686029
686131
686267
686363
686513
686687
686801
686947
687017
687107
687223
687341
687433
687521
687641
687767
687893
688013
688133
688253
688397
688511
688637
688741
688867
688999
689093
689237
689341
689459
689599
689761
689851
689921
690059
690187
690367
690467
690589
690757
690889
691079
691183
691309
691433
691589
691697
691787
691891
691979
692089
692239
692327
692407
692521
692647
692753
692917
693037
693149
693323
693421
693533
693677
693739
693851
694019
694123
694273
694361
694471
694559
694651
694831
694979
695069
695171
695297
695389
695509
695627
695743
695867
696019
696119
696313
696403
696517
696629
696757
696853
696991
697087
697201
697351
697441
697523
697673
697757
697913
698021
698239
698311
698419
698531
698701
698891
699037
699151
699241
699367
699463
699557
699719
699863
700057
700129
700277
700367
700499
700627
700759
700877
700993
701159
701291
701401
701489
701593
701681
701819
702007
702137
702257
702341
702433
702529
702623
702743
702853
703013
703141
703249
703357
703489
703663
703753
703897
704009
704111
704213
704299
704447
704551
704657
704771
704839
704947
705043
705161
705259
705421
705559
705769
705863
705989
706067
706183
706291
706403
706547
706669
706757
706883
706987
707117
707249
707407
707561
707677
707789
707873
707957
708041
708137
708251
708353
708481
708593
708751
708913
709043
709157
709283
709421
709537
709663
709769
709853
709957
710053
710261
710371
710473
710561
710641
710837
710909
710987
711097
711209
711371
711509
711629
711727
711839
711937
712067
712199
712331
712477
712571
712693
712841
712939
713077
713183
713281
713381
713497
713627
713807
713917
714061
714199
714377
714521
714673
714797
714887
714991
715123
715229
715339
715453
715577
715681
715817
715889
715973
716137
716299
716449
716543
716663
716747
716897
717001
717133
717289
717427
717539
717667
717817
717979
718139
718303
718387
718493
718633
718759
718919
719041
719167
719239
719413
719569
719683
719773
719903
720019
720151
720253
720359
720481
720617
720763
720869
720961
721051
721141
721219
721319
721397
721577
721697
721859
721997
722119
722237
722321
722417
722539
722713
722833
722977
723089
723161
723259
723361
723467
723563
723727
723839
723923
724021
724187
724313
724469
724553
724631
724751
724853
724993
725119
725293
725371
725507
725653
725801
725929
726023
726139
726289
726391
726521
726623
726707
726853
726989
727079
727211
727297
727451
727577
727711
727799
727933
728069
728261
728381
728527
728647
728731
728843
728921
729019
729187
729301
729413
729551
729613
729719
729871
729977
730111
730283
730451
730573
730679
730799
730889
731033
731183
731251
731363
731531
731639
731741
731839
731933
732079
732197
732283
732449
732541
732713
732833
732967
733123
733237
733331
733409
733559
733751
733847
733939
734047
734189
734291
734429
734543
734687
734803
734897
735019
735113
735209
735331
735421
735491
735673
735809
735937
736037
736121
736273
736387
736471
736717
736867
736973
737083
737183
737293
737431
737537
737657
737767
737873
738011
738151
738301
738391
738509
738677
738811
738919
739027
739117
739217
739331
739397
739513
739633
739777
739909
740023
740153
740303
740429
740549
740671
740801
740969
741071
741163
741341
741467
741563
741683
741833
741941
742073
742211
742289
742439
742549
742681
742789
742967
743089
743167
743269
743401
743609
743777
743881
744019
744187
744313
744431
744607
744721
744829
744977
745117
745247
745379
745567
745699
745757
745951
746047
746171
746233
746371
746507
746671
746791
746899
747037
747199
747323
747449
747547
747673
747827
747889
748019
748199
748301
748453
748567
748669
748777
748849
748973
749093
749197
749299
749429
749557
749741
749851
749941
750119
750173
750353
750509
750661
750769
750857
751007
751139
751207
751307
751379
751549
751643
751753
751867
751969
752107
752201
752293
752449
752581
752701
752821
752929
753079
753197
753383
753499
753619
753719
753811
753959
754073
754153
754249
754343
754451
754583
754723
754891
754973
755077
755203
755317
755401
755551
755681
755791
755959
756127
756247
756331
756527
756641
756727
756887
757067
757243
757331
757433
757577
757709
757819
757993
758101
758227
758323
758441
758561
758699
758767
758893
759001
759131
759263
759397
759523
759599
759691
759797
759947
760093
760183
760273
760423
760519
760619
760769
760897
760997
761129
761227
761357
761429
761521
761611
761731
761869
762001
762121
762277
762401
762557
762667
762823
762919
763039
763159
763307
763423
763549
763621
763757
763883
763957
764053
764189
764321
764459
764593
764719
764887
764989
765091
765169
765251
765353
765487
765613
765763
765859
765953
766091
766211
766301
766393
766501
766637
766769
766877
766999
767131
767293
767399
767537
767633
767761
767867
768049
768167
768259
768359
768437
768589
768727
768851
768979
769081
769231
769319
769459
769579
769687
769807
769973
770057
770177
770281
770437
770551
770641
770789
770881
771011
771091
771233
771389
771481
771587
771691
771863
771971
772091
772229
772367
772459
772619
772703
772867
772991
773083
773239
773371
773497
773603
773719
773849
773951
774071
774149
774239
774439
774583
774679
774799
774919
775063
775163
775343
775477
775613
775739
775871
776003
776137
776221
776389
776507
776627
776801
776899
777013
777151
777221
777353
777437
777589
777731
777857
777979
778091
778201
778319
778417
778541
778667
778759
778873
778979
779101
779239
779357
779561
779621
779749
779873
779993
780163
780257
780397
780583
780683
780817
780889
781007
781127
781243
781351
781427
781523
781633
781801
781919
782003
782113
782191
782329
782461
782641
782777
782941
783043
783151
783283
783407
783557
783677
783737
783793
784039
784153
784249
784367
784457
784547
784687
784837
784961
785119
785219
785311
785377
785527
785627
785773
785879
786017
786151
786271
786419
786587
786701
786833
786949
787067
787187
787333
787469
787541
787697
787793
787907
788033
788153
788267
788369
788449
788561
788701
788867
788947
789067
789149
789343
789491
789589
789709
789847
789979
790093
790241
790351
790459
790583
790697
790817
790927
791017
791137
791261
791387
791543
791663
791827
791929
792041
792131
792257
792359
792481
792593
792679
792769
792929
793099
793207
793343
793511
793607
793717
793813
793939
794033
794119
794201
794363
794477
794569
794693
794887
795023
795127
795239
795349
795527
795649
795727
795827
795943
796091
796193
796339
796451
796567
796693
796799
796877
796981
797057
797207
797383
797539
797591
797711
797869
797987
798101
798197
798293
798451
798569
798701
798823
799003
799151
799307
799441
799543
799651
799759
799891
800029
800123
800231
800351
800477
800549
800651
800729
800873
800977
801077
801217
801349
801487
801611
801733
801883
802031
802147
802279
802453
802589
802709
802793
802951
803087
803251
803389
803479
803609
803729
803893
803989
804107
804203
804337
804493
804581
804703
804829
804919
805031
805109
805223
805313
805421
805523
805687
805807
805901
806027
806137
806263
806381
806521
806719
806857
806999
807119
807221
807383
807487
807607
807749
807907
808021
808187
808343
808417
808559
808679
808771
808957
809087
809201
809297
809401
809507
809629
809759
809839
809983
810091
810239
810353
810419
810517
810587
810769
810913
811039
811171
811273
811429
811553
811667
811763
811919
812033
812173
812267
812359
812473
812599
812701
812869
813049
813157
813269
813367
813503
813623
813811
813931
814031
814127
814237
814381
814501
814609
814763
814873
814949
815149
815273
815411
815519
815623
815713
815897
816037
816133
816223
816367
816539
816667
816811
816883
816961
817087
817169
817319
817457
817637
817727
817841
817919
818099
818231
818339
818413
818603
818813
818963
819061
819187
819307
819409
819487
819593
819691
819787
819913
820073
820201
820279
820399
820537
820643
820747
820901
821003
821099
821207
821377
821479
821647
821801
821869
822007
822139
822229
822323
822407
822571
822671
822743
822839
822971
823127
823237
823351
823483
823601
823709
823777
823877
824017
824137
824269
824437
824539
824683
824779
824921
825007
825107
825241
825337
825421
825547
825661
825763
825919
826037
826151
826289
826381
826541
826621
826717
826831
826957
827063
827231
827389
827521
827677
827791
827867
827987
828071
828209
828397
828577
828697
828809
828899
829013
829151
829249
829463
829613
829721
829819
829967
830111
830237
830339
830419
830549
830639
830789
830891
831031
831161
831301
831431
831547
831643
831709
831811
831899
832081
832159
832331
832421
832519
832633
832717
832837
832933
833033
833191
833309
833461
833593
833717
833843
833947
834133
834259
834433
834569
834643
834787
834941
835019
835207
835327
835453
835603
835717
835823
835937
836063
836161
836267
836387
836567
836683
836761
836879
837047
837149
837313
837451
837601
837721
837853
838021
838133
838247
838399
838483
838601
838711
838837
838939
839051
839227
839381
839483
839609
839723
839873
839959
840109
840223
840331
840479
840643
840757
840863
840989
841081
841213
841283
841397
841573
841727
841889
842021
842111
842203
842323
842407
842489
842599
842767
842887
842993
843137
843289
843379
843497
843613
843763
843881
844061
844141
844247
844421
844469
844549
844643
844777
844927
845083
845203
845309
845441
845653
845771
845909
845989
846179
846341
846403
846529
846721
846851
846949
847037
847129
847219
847339
847499
847601
847703
847871
847991
848131
848269
848417
848537
848633
848747
848843
848927
849061
849179
849301
849461
849593
849731
849857
849991
850063
850189
850273
850393
850481
850679
850853
851009
851117
851231
851321
851413
851549
851659
851801
851891
852079
852191
852287
852437
852583
852689
852827
852893
853033
853187
853339
853493
853667
853763
853873
853999
854093
854213
854353
854443
854593
854747
854921
855031
855187
855277
855391
855511
855671
855733
855887
855997
856117
856237
856351
856459
856553
856703
856811
856909
857027
857107
857273
857369
857539
857663
857741
857873
857977
858113
858241
858317
858497
858691
858787
858911
859031
859121
859277
859423
859561
859667
859799
859919
860029
860113
860311
860383
860507
860609
860759
860887
860957
861053
861163
861347
861499
861613
861739
861857
861941
862061
862171
862249
862331
862441
862553
862649
862789
862921
863047
863197
863377
863561
863729
863843
863917
864047
864121
864221
864323
864449
864583
864691
864817
864967
865069
865211
865307
865379
865537
865661
865757
865847
865979
866081
866197
866353
866513
866683
866777
866917
867011
867143
867257
867371
867463
867571
867677
867793
867943
868073
868177
868313
868409
868531
868663
868787
868877
868993
869081
869249
869321
869443
869563
869707
869819
869951
870059
870169
870271
870407
870517
870641
870787
870901
870983
871159
871289
871513
871639
871771
871931
872041
872143
872231
872351
872429
872561
872657
872789
872999
873113
873293
873419
873529
873643
873739
873979
874099
874217
874337
874457
874597
874697
874799
874889
875089
875213
875299
875389
875503
875617
875689
875779
875933
876023
876131
876233
876341
876497
876643
876751
876851
877027
877169
877297
877379
877543
877661
877853
877939
878083
878167
878287
878419
878573
878663
878783
878869
879001
879119
879247
879343
879523
879629
879701
879821
879961
880057
880153
880301
880421
880543
880673
880751
880871
880981
881099
881197
881327
881437
881537
881707
881899
882019
882139
882247
882389
882517
882631
882751
882907
883049
883163
883247
883357
883471
883621
883721
883877
884003
884131
884251
884353
884483
884593
884791
884951
885083
885169
885289
885403
885517
885713
885811
885919
885977
886097
886241
886349
886463
886547
886663
886807
886973
887069
887191
887333
887479
887599
887671
887819
887923
888061
888163
888313
888413
888499
888661
888779
888887
888997
889087
889271
889363
889489
889673
889829
889921
890053
890159
890317
890467
890657
890797
890881
890993
891101
891251
891389
891493
891577
891661
891799
891889
891997
892103
892249
892387
892523
892627
892763
892901
893029
893117
893227
893359
893449
893609
893777
893903
894059
894161
894227
894329
894431
894559
894709
894811
895003
895133
895243
895333
895457
895591
895681
895787
895889
896009
896167
896327
896449
896549
896677
896867
897007
897103
897241
897329
897469
897571
897671
897817
897947
898091
898189
898259
898409
898493
898621
898763
898889
899057
899183
899309
899477
899681
899791
899903
900061
900161
900287
900461
900577
900671
900763
900929
901013
901169
901249
901403
901489
901613
901751
901909
902017
902141
902303
902437
902569
902669
902777
902953
903073
903211
903359
903451
903607
903751
903899
904067
904147
904283
904459
904559
904661
904733
904823
904919
905071
905167
905269
905449
905587
905683
905783
905951
906043
906203
906317
906403
906517
906641
906749
906839
906943
907111
907213
907301
907399
907507
907657
907733
907849
907997
908113
908233
908381
908503
908581
908671
908807
908879
909019
909091
909239
909317
909401
909539
909679
909773
909877
909977
910109
910207
910421
910577
910691
910807
911003
911101
911179
911293
911371
911549
911683
911783
911893
912007
912167
912269
912409
912491
912631
912823
912929
913027
913183
913337
913483
913687
913873
914027
914219
914339
914449
914561
914647
914789
914867
915007
915139
915223
915367
915539
915631
915757
915917
916049
916129
916219
916367
916471
916613
916781
916913
917041
917123
917237
917353
917513
917629
917737
917809
917923
918079
918161
918283
918389
918529
918653
918779
918899
919019
919129
919249
919381
919519
919691
919811
919927
920039
920201
920281
920407
920509
920687
920789
920921
921013
921149
921241
921407
921523
921647
921761
921901
922037
922087
922261
922351
922489
922613
922681
922853
923029
923147
923239
923387
923471
923579
923693
923849
923953
924031
924109
924283
924403
924523
924659
924743
924827
924967
925079
925153
925271
925387
925501
925619
925733
925901
925997
926113
926227
926357
926489
926587
926701
926843
926971
927089
927233
927397
927541
927671
927791
927961
928099
928223
928331
928457
928607
928699
928819
928979
929063
929161
929293
929417
929549
929629
929743
929869
930011
930119
930229
930379
930509
930637
930773
930911
931087
931193
931313
931517
931639
931757
931877
931967
932117
932209
932341
932471
932563
932663
932803
932941
933047
933209
933313
933433
933607
933761
933851
933967
934057
934159
934301
934463
934543
934639
934771
934889
934961
935093
935201
935377
935489
935603
935707
935827
936029
936181
936283
936413
936527
936667
936769
936911
937009
937171
937337
937481
937627
937693
937819
937919
938033
938107
938257
938359
938507
938659
938831
938953
939061
939181
939347
939439
939611
939739
939847
939989
940097
940241
940349
940483
940573
940733
940829
940949
941093
941179
941299
941441
941509
941609
941723
941861
941989
942061
942187
942313
942449
942593
942727
942857
942979
943079
943199
943303
943403
943543
943699
943783
943903
944039
944179
944329
944453
944543
944659
944773
944897
945059
945233
945389
945481
945647
945787
945887
945983
946109
946249
946397
946511
946669
946783
946901
946997
947197
947369
947423
947603
947719
947819
947927
948053
948169
948317
948439
948551
948749
948901
949019
949147
949261
949439
949567
949649
949771
949931
949987
950099
950231
950357
950479
950569
950693
950809
950927
951029
951107
951281
951389
951497
951641
951791
951943
952087
952169
952279
952423
952559
952681
952811
952921
952997
953131
953273
953443
953543
953681
953851
953977
954103
954221
954307
954451
954599
954719
954853
954973
955091
955211
955309
955439
955541
955711
955819
955939
956051
956231
956353
956477
956699
956849
956987
957091
957181
957331
957433
957601
957731
957877
958007
958123
958289
958361
958487
958553
958687
958843
958933
959131
959227
959351
959471
959603
959737
959869
959953
960119
960217
960353
960521
960643
960763
960937
961033
961109
961183
961313
961453
961567
961661
961747
961841
961957
962051
962233
962413
962497
962609
962683
962837
962959
963103
963223
963323
963427
963607
963707
963799
963899
964039
964213
964297
964417
964531
964679
964793
964913
965047
965161
965233
965399
965483
965621
965773
965927
966041
966211
966313
966389
966499
966619
966803
966919
967049
967261
967363
967493
967663
967763
967873
967999
968111
968213
968311
968423
968521
968663
968819
968939
969083
969233
969347
969457
969569
969713
969809
969919
970061
970213
970279
970441
970573
970721
970829
970927
971021
971099
971207
971339
971429
971549
971693
971833
971939
972031
972133
972259
972347
972469
972611
972721
972887
973003
973099
973279
973397
973537
973691
973823
974009
974143
974249
974383
974459
974551
974707
974819
974887
974983
975089
975257
975367
975493
975619
975739
975869
975991
976117
976271
976411
976501
976621
976777
976933
977087
977233
977359
977513
977671
977813
977971
978053
978151
978239
978349
978473
978617
978743
978863
979001
979117
979219
979337
979457
979567
979819
979969
980131
980261
980417
980549
980677
980801
980909
981037
981139
981271
981391
981481
981601
981713
981889
982021
982117
982217
982351
982571
982687
982789
982903
983083
983179
983299
983429
983519
983659
983803
983923
984059
984211
984341
984413
984539
984689
984847
984931
985079
985219
985351
985471
985571
985703
985807
985969
986053
986177
986281
986437
986563
986641
986759
986857
986983
987079
987199
987361
987523
987659
987851
987991
988093
988219
988321
988483
988583
988711
988849
988979
989171
989321
989419
989561
989687
989803
989917
989999
990163
990287
990359
990487
990593
990761
990889
991009
991079
991217
991381
991499
991619
991723
991873
991957
992023
992183
992317
992441
992603
992737
992867
993001
993137
993247
993397
993493
993683
993827
993943
994067
994193
994303
994391
994549
994663
994769
994871
994991
995147
995327
995387
995539
995623
995737
995909
996011
996161
996257
996367
996539
996637
996811
996899
997037
997109
997201
997309
997427
997573
997663
997783
997897
998027
998161
998281
998419
998539
998681
998813
998917
999007
999133
999269
999431
999553
999671
999853
999979
1000121
1000211
1000313
1000423
1000577
1000669
1000829
1000931
1001041
1001159
1001291
1001381
1001491
1001593
1001723
1001839
1001989
1002109
1002247
1002349
1002467
1002553
1002709
1002787
1002871
1002979
1003103
1003259
1003363
1003469
1003621
1003747
1003879
1003963
1004119
1004279
1004429
1004537
1004671
1004779
1004987
1005079
1005209
1005313
1005413
1005527
1005643
1005821
1005971
1006123
1006189
1006267
1006339
1006469
1006583
1006739
1006877
1006979
1007099
1007231
1007359
1007483
1007647
1007729
1007807
1007921
1008017
1008187
1008257
1008401
1008493
1008589
1008773
1008857
1008947
1009097
1009199
1009301
1009387
1009501
1009627
1009781
1009909
1010033
1010201
1010381
1010491
1010627
1010759
1010861
1010983
1011079
1011221
1011343
1011443
1011601
1011733
1011889
1012007
1012103
1012217
1012321
1012433
1012519
1012619
1012703
1012811
1012993
1013153
1013279
1013471
1013581
1013699
1013813
1013893
1014061
1014161
1014287
1014371
1014539
1014677
1014787
1014907
1015057
1015139
1015361
1015453
1015523
1015661
1015769
1015897
1016023
1016123
1016227
1016371
1016527
1016641
1016783
1016921
1017031
1017157
1017299
1017361
1017479
1017623
1017749
1017859
1018021
1018217
1018337
1018489
1018651
1018763
1018873
1018967
1019071
1019237
1019339
1019443
1019533
1019687
1019741
1019857
1020011
1020101
1020247
1020379
1020491
1020631
1020779
1020881
1020977
1021073
1021159
1021283
1021367
1021457
1021627
1021759
1021879
1022033
1022141
1022249
1022389
1022509
1022639
1022773
1022899
1023041
1023167
1023263
1023353
1023467
1023601
1023769
1023947
1024087
1024207
1024339
1024477
1024591
1024721
1024883
1024963
1025093
1025161
1025273
1025393
1025503
1025621
1025747
1025887
1026029
1026127
1026251
1026383
1026479
1026593
1026761
1026887
1026989
1027129
1027223
1027391
1027489
1027643
1027753
1027883
1028029
1028113
1028213
1028327
1028479
1028647
1028773
1028939
1029023
1029179
1029307
1029403
1029517
1029593
1029751
1029881
1029989
1030067
1030213
1030361
1030511
1030643
1030787
1030873
1031003
1031161
1031323
1031461
1031549
1031707
1031813
1032047
1032211
1032341
1032433
1032541
1032679
1032763
1032853
1033007
1033099
1033289
1033363
1033451
1033537
1033667
1033789
1033951
1034119
1034219
1034317
1034443
1034567
1034659
1034827
1034903
1035019
1035197
1035323
1035427
1035533
1035637
1035781
1035973
1036093
1036223
1036297
1036367
1036531
1036667
1036787
1036913
1037053
1037213
1037327
1037471
1037593
1037747
1037873
1037983
1038077
1038211
1038319
1038487
1038601
1038691
1038823
1039007
1039109
1039279
1039421
1039537
1039681
1039891
1040021
1040101
1040189
1040371
1040489
1040651
1040777
1040833
1040947
1041109
1041169
1041283
1041421
1041553
1041653
1041793
1041893
1042039
1042123
1042259
1042373
1042523
1042631
1042781
1042903
1043089
1043191
1043311
1043489
1043593
1043723
1043837
1043921
1044053
1044179
1044271
1044371
1044479
1044619
1044749
1044839
1044971
1045081
1045193
1045309
1045423
1045547
1045651
1045801
1045987
1046113
1046239
1046393
1046557
1046677
1046827
1046959
1047089
1047173
1047289
1047379
1047533
1047667
1047751
1047883
1047997
1048123
1048261
1048391
1048573
1048681
1048807
1048909
1049063
1049141
1049239
1049437
1049527
1049639
1049773
1049857
1049977
1050139
1050241
1050367
1050503
1050733
1050851
1050997
1051081
1051277
1051409
1051543
1051621
1051759
1051879
1051987
1052119
1052269
1052333
1052531
1052629
1052797
1052897
1053067
1053191
1053319
1053467
1053557
1053707
1053817
1053991
1054091
1054219
1054327
1054429
1054549
1054667
1054819
1054957
1055137
1055261
1055387
1055501
1055611
1055801
1055897
1056007
1056109
1056241
1056347
1056469
1056577
1056707
1056833
1056971
1057117
1057249
1057393
1057561
1057657
1057807
1057957
1058059
1058171
1058303
1058419
1058549
1058663
1058749
1058821
1059007
1059119
1059221
1059323
1059479
1059637
1059743
1059871
1060021
1060151
1060253
1060361
1060453
1060571
1060739
1060949
1061101
1061227
1061323
1061483
1061609
1061707
1061807
1061911
1062107
1062311
1062443
1062601
1062779
1062881
1062989
1063087
1063201
1063379
1063471
1063561
1063693
1063813
1063897
1063969
1064117
1064243
1064339
1064471
1064593
1064737
1064911
1064989
1065073
1065217
1065343
1065523
1065667
1065787
1065887
1066001
1066157
1066297
1066399
1066531
1066669
1066811
1066931
1067047
1067179
1067347
1067467
1067567
1067687
1067777
1067903
1068061
1068203
1068271
1068383
1068497
1068631
1068751
1068877
1069007
1069141
1069267
1069427
1069517
1069591
1069697
1069853
1069973
1070081
1070207
1070309
1070411
1070501
1070579
1070789
1070933
1071067
1071197
1071311
1071401
1071529
1071643
1071773
1071907
1072039
1072213
1072373
1072459
1072657
1072831
1072933
1073053
1073143
1073243
1073383
1073509
1073627
1073789
1073909
1074061
1074133
1074299
1074433
1074581
1074701
1074839
1074919
1075007
1075103
1075187
1075337
1075441
1075531
1075651
1075727
1075853
1076029
1076113
1076213
1076359
1076473
1076587
1076731
1076861
1077017
1077179
1077311
1077457
1077641
1077743
1077841
1077977
1078109
1078199
1078387
1078537
1078711
1078817
1078943
1079053
1079123
1079269
1079369
1079503
1079629
1079753
1079861
1079963
1080059
1080143
1080269
1080353
1080479
1080613
1080763
1080823
1080923
1081061
1081153
1081279
1081403
1081631
1081721
1081789
1081919
1082083
1082161
1082273
1082399
1082573
1082659
1082777
1082999
1083107
1083253
1083337
1083449
1083583
1083743
1083851
1083949
1084093
1084253
1084373
1084483
1084627
1084747
1084859
1084997
1085113
1085221
1085407
1085551
1085687
1085813
1085933
1086101
1086193
1086299
1086389
1086511
1086637
1086769
1086913
1087027
1087241
1087379
1087483
1087621
1087741
1087829
1087963
1088063
1088233
1088387
1088449
1088579
1088669
1088777
1088933
1089047
1089217
1089397
1089497
1089661
1089841
1090003
1090151
1090249
1090409
1090519
1090709
1090807
1090897
1090979
1091059
1091173
1091263
1091371
1091471
1091591
1091687
1091837
1092019
1092107
1092229
1092349
1092433
1092593
1092733
1092863
1092977
1093069
1093199
1093297
1093409
1093541
1093663
1093747
1093871
1093991
1094081
1094161
1094339
1094453
1094551
1094669
1094773
1094887
1094983
1095119
1095247
1095403
1095491
1095613
1095751
1095841
1095979
1096133
1096307
1096423
1096541
1096639
1096807
1096919
1097029
1097143
1097293
1097419
1097539
1097659
1097797
1097897
1098037
1098191
1098311
1098451
1098593
1098709
1098953
1099097
1099223
1099337
1099459
1099523
1099633
1099741
1099841
1100009
1100101
1100213
1100321
1100447
1100569
1100773
1100851
1100977
1101179
1101323
1101421
1101521
1101641
1101761
1101883
1102001
1102151
1102249
1102337
1102463
1102583
1102727
1102853
1102951
1103041
1103171
1103293
1103467
1103581
1103639
1103857
1103987
1104119
1104221
1104353
1104479
1104613
1104737
1104791
1104899
1105033
1105177
1105271
1105427
1105549
1105619
1105711
1105873
1105997
1106159
1106243
1106381
1106477
1106593
1106747
1106837
1106953
1107053
1107203
1107401
1107503
1107593
1107781
1107853
1108001
1108123
1108229
1108361
1108469
1108561
1108663
1108733
1108819
1108997
1109161
1109281
1109393
1109509
1109639
1109791
1109891
1110019
1110167
1110311
1110427
1110539
1110667
1110803
1110919
1110983
1111067
1111189
1111333
1111433
1111553
1111673
1111787
1111949
1112077
1112143
1112291
1112383
1112519
1112611
1112729
1112831
1112959
1113083
1113193
1113337
1113481
1113617
1113781
1113887
1114019
1114193
1114297
1114447
1114567
1114681
1114801
1114907
1115011
1115131
1115297
1115407
1115519
1115581
1115713
1115839
1115987
1116173
1116301
1116439
1116547
1116659
1116853
1116989
1117073
1117243
1117321
1117477
1117601
1117709
1117811
1117913
1118009
1118113
1118261
1118393
1118563
1118723
1118827
1118911
1119037
1119221
1119359
1119557
1119673
1119809
1119947
1120109
1120271
1120349
1120501
1120549
1120663
1120747
1120837
1120957
1121047
1121189
1121297
1121389
1121557
1121707
1121899
1122053
1122139
1122281
1122431
1122571
1122701
1122887
1123081
1123231
1123351
1123477
1123561
1123667
1123747
1123901
1123999
1124131
1124267
1124377
1124551
1124659
1124797
1124957
1125053
1125169
1125317
1125407
1125539
1125653
1125811
1125923
1126067
1126259
1126387
1126501
1126597
1126711
1126843
1126999
1127123
1127227
1127323
1127411
1127537
1127657
1127809
1127957
1128107
1128233
1128349
1128499
1128583
1128667
1128761
1128889
1128977
1129111
1129217
1129391
1129489
1129603
1129741
1129847
1129991
1130117
1130281
1130407
1130527
1130641
1130777
1130929
1131047
1131133
1131259
1131353
1131467
1131629
1131749
1131839
1131937
1132067
1132259
1132423
1132511
1132603
1132697
1132861
1132979
1133053
1133189
1133303
1133477
1133579
1133677
1133827
1133911
1134043
1134151
1134271
1134437
1134541
1134667
1134787
1134923
1135021
1135129
1135241
1135363
1135483
1135663
1135831
1135903
1136041
1136123
1136237
1136383
1136483
1136627
1136741
1136869
1136999
1137161
1137263
1137427
1137553
1137707
1137817
1137919
1138061
1138213
1138411
1138547
1138673
1138757
1138883
1138999
1139143
1139273
1139393
1139519
1139669
1139779
1139909
1140101
1140197
1140319
1140431
1140569
1140697
1140863
1140973
1141061
1141139
1141271
1141373
1141507
1141633
1141813
1141963
1142059
1142201
1142321
1142473
1142593
1142773
1142863
1142969
1143071
1143193
1143299
1143481
1143619
1143799
1143949
1144081
1144211
1144301
1144417
1144523
1144657
1144783
1144907
1145021
1145143
1145293
1145371
1145509
1145689
1145797
1145971
1146097
1146323
1146421
1146559
1146713
1146793
1146869
1146989
1147103
1147213
1147297
1147423
1147511
1147637
1147793
1147969
1148099
1148291
1148437
1148593
1148701
1148837
1148963
1149053
1149193
1149341
1149469
1149569
1149661
1149817
1149943
1150063
1150183
1150301
1150421
1150561
1150673
1150763
1150871
1150973
1151089
1151209
1151327
1151417
1151569
1151653
1151753
1151963
1152077
1152163
1152343
1152517
1152649
1152763
1152913
1153021
1153147
1153223
1153337
1153459
1153577
1153721
1153849
1154033
1154177
1154291
1154369
1154537
1154633
1154789
1154927
1155061
1155179
1155317
1155457
1155611
1155697
1155851
1155937
1156013
1156097
1156249
1156343
1156453
1156591
1156711
1156819
1156997
1157099
1157209
1157293
1157393
1157557
1157699
1157773
1157899
1158071
1158203
1158317
1158427
1158539
1158617
1158743
1158847
1159001
1159091
1159231
1159381
1159517
1159649
1159813
1159967
1160077
1160213
1160309
1160443
1160519
1160681
1160839
1160983
1161059
1161169
1161289
1161437
1161499
1161617
1161757
1161857
1161991
1162093
1162261
1162373
1162507
1162583
1162687
1162789
1162901
1162981
1163081
1163159
1163257
1163423
1163543
1163641
1163717
1163843
1163977
1164091
1164221
1164431
1164533
1164623
1164799
1164899
1165037
1165127
1165211
1165361
1165511
1165721
1165823
1165919
1166021
1166131
1166311
1166441
1166549
1166639
1166779
1166903
1167053
1167209
1167307
1167443
1167587
1167697
1167799
1167869
1168007
1168187
1168327
1168411
1168553
1168751
1168841
1168933
1169027
1169183
1169327
1169417
1169563
1169677
1169789
1169939
1170089
1170173
1170317
1170461
1170581
1170679
1170781
1170899
1171061
1171199
1171301
1171463
1171591
1171747
1171847
1171981
1172063
1172257
1172401
1172491
1172579
1172749
1172893
1172981
1173157
1173281
1173433
1173553
1173743
1173853
1173979
1174093
1174237
1174337
1174469
1174571
1174687
1174783
1174913
1175039
1175191
1175371
1175479
1175617
1175717
1175813
1175939
1176031
1176163
1176323
1176421
1176583
1176673
1176797
1176943
1177073
1177171
1177277
1177459
1177549
1177681
1177763
1177921
1178041
1178159
1178227
1178363
1178483
1178623
1178711
1178843
1178959
1179109
1179251
1179319
1179413
1179551
1179649
1179847
1179947
1180019
1180111
1180241
1180373
1180493
1180637
1180727
1180849
1180913
1181017
1181149
1181267
1181413
1181527
1181647
1181771
1181923
1182031
1182277
1182353
1182449
1182547
1182697
1182791
1182947
1183079
1183163
1183271
1183409
1183541
1183709
1183781
1183939
1184011
1184123
1184269
1184369
1184461
1184549
1184741
1184881
1184987
1185113
1185307
1185383
1185523
1185643
1185703
1185827
1185931
1186063
1186169
1186349
1186517
1186673
1186807
1186963
1187107
1187233
1187339
1187413
1187539
1187687
1187761
1187873
1187993
1188059
1188223
1188289
1188413
1188581
1188679
1188841
1188977
1189093
1189193
1189333
1189481
1189621
1189709
1189823
1189919
1190069
1190249
1190417
1190509
1190647
1190773
1190897
1191011
1191103
1191199
1191341
1191499
1191611
1191727
1191821
1191979
1192109
1192199
1192327
1192423
1192571
1192721
1192853
1192951
1193107
1193233
1193351
1193483
1193603
1193711
1193821
1193911
1194031
1194209
1194341
1194449
1194593
1194731
1194821
1194923
1195039
1195171
1195291
1195489
1195669
1195741
1195891
1196029
1196177
1196287
1196413
1196521
1196683
1196837
1196927
1197041
1197181
1197263
1197353
1197473
1197631
1197821
1197947
1198063
1198187
1198291
1198403
1198513
1198661
1198849
1198979
1199089
1199257
1199417
1199491
1199593
1199689
1199819
1199923
1200083
1200253
1200373
1200491
1200643
1200799
1200917
1201019
1201103
1201217
1201337
1201523
1201643
1201813
1201961
1202057
1202183
1202293
1202429
1202507
1202689
1202819
1202939
1203121
1203221
1203359
1203493
1203641
1203773
1203863
1203941
1204103
1204219
1204397
1204507
1204649
1204787
1204967
1205117
1205257
1205459
1205549
1205663
1205753
1205921
1206053
1206173
1206277
1206391
1206539
1206683
1206761
1206869
1207079
1207159
1207309
1207403
1207519
1207721
1207919
1208027
1208159
1208279
1208413
1208591
1208741
1208849
1209029
1209151
1209251
1209367
1209517
1209631
1209773
1209883
1210021
1210127
1210241
1210399
1210483
1210637
1210799
1210879
1210987
1211087
1211279
1211407
1211537
1211629
1211719
1211797
1211921
1212053
1212199
1212319
1212437
1212569
1212703
1212811
1212907
1213019
1213097
1213213
1213367
1213529
1213631
1213747
1213873
1213943
1214113
1214197
1214357
1214453
1214579
1214669
1214767
1214947
1215047
1215173
1215311
1215433
1215521
1215647
1215787
1215919
1216091
1216277
1216417
1216543
1216619
1216777
1216871
1216987
1217071
1217143
1217261
1217393
1217477
1217651
1217759
1217903
1217989
1218197
1218277
1218433
1218559
1218691
1218821
1218949
1219111
1219279
1219399
1219501
1219649
1219739
1219811
1219877
1219957
1220099
1220327
1220437
1220663
1220773
1220893
1220993
1221113
1221239
1221421
1221523
1221601
1221761
1221907
1222049
1222219
1222307
1222499
1222603
1222723
1222829
1222957
1223077
1223203
1223323
1223459
1223587
1223731
1223879
1224029
1224131
1224233
1224329
1224479
1224701
1224857
1224943
1225067
1225117
1225261
1225381
1225541
1225643
1225759
1225897
1225997
1226101
1226257
1226347
1226501
1226611
1226707
1226803
1226899
1227131
1227271
1227379
1227547
1227703
1227871
1227977
1228109
1228219
1228333
1228457
1228567
1228679
1228849
1228949
1229077
1229203
1229297
1229377
1229519
1229647
1229807
1229957
1230107
1230241
1230349
1230461
1230587
1230743
1230907
1231049
1231141
1231247
1231319
1231423
1231547
1231669
1231771
1231859
1231999
1232213
1232351
1232437
1232603
1232771
1232893
1233047
1233181
1233319
1233439
1233569
1233647
1233851
1234003
1234147
1234333
1234463
1234613
1234769
1234843
1235021
1235141
1235249
1235363
1235459
1235593
1235791
1235891
1236017
1236233
1236419
1236533
1236661
1236757
1236857
1237037
1237139
1237231
1237373
1237493
1237567
1237757
1237867
1237967
1238101
1238219
1238381
1238459
1238621
1238747
1238827
1238947
1239103
1239239
1239353
1239457
1239551
1239671
1239817
1239943
1240027
1240181
1240273
1240423
1240607
1240717
1240817
1240999
1241159
1241267
1241381
1241477
1241573
1241743
1241893
1241971
1242107
1242217
1242361
1242503
1242643
1242823
1242937
1243097
1243211
1243373
1243481
1243609
1243741
1243843
1243951
1244039
1244149
1244263
1244401
1244501
1244611
1244753
1244857
1244993
1245121
1245331
1245509
1245623
1245763
1245863
1245973
1246103
1246249
1246339
1246397
1246499
1246579
1246703
1246867
1247009
1247119
1247291
1247401
1247509
1247611
1247759
1247867
1248001
1248083
1248211
1248337
1248427
1248553
1248691
1248833
1248953
1249049
1249141
1249273
1249397
1249499
1249643
1249741
1249847
1250003
1250107
1250237
1250413
1250507
1250647
1250779
1250923
1251043
1251161
1251323
1251529
1251671
1251797
1251911
1252037
1252129
1252219
1252403
1252507
1252711
1252819
1252957
1253059
1253249
1253381
1253557
1253717
1253839
1253953
1254049
1254137
1254251
1254373
1254523
1254613
1254689
1254823
1254983
1255103
1255169
1255259
1255361
1255519
1255651
1255799
1255927
1256023
1256209
1256383
1256543
1256681
1256777
1256873
1256953
1257071
1257199
1257281
1257409
1257521
1257653
1257829
1257961
1258097
1258177
1258291
1258409
1258471
1258627
1258711
1258819
1258937
1259051
1259123
1259249
1259429
1259569
1259677
1259803
1259977
1260121
1260269
1260361
1260487
1260629
1260733
1260841
1260971
1261121
1261261
1261363
1261531
1261699
1261801
1261913
1262071
1262203
1262299
1262461
1262581
1262693
1262819
1262917
1263077
1263179
1263263
1263373
1263503
1263629
1263767
1263929
1264009
1264189
1264303
1264537
1264649
1264763
1264873
1264979
1265083
1265177
1265321
1265449
1265549
1265639
1265813
1265909
1265987
1266091
1266229
1266301
1266409
1266523
1266631
1266767
1266893
1267009
1267151
1267297
1267451
1267577
1267711
1267837
1267943
1268053
1268207
1268327
1268453
1268599
1268741
1268803
1268947
1269061
1269187
1269283
1269391
1269559
1269703
1269871
1270001
1270111
1270237
1270337
1270471
1270561
1270651
1270823
1270943
1271069
1271173
1271293
1271393
1271507
1271657
1271791
1271903
1272043
1272151
1272247
1272347
1272461
1272641
1272847
1272917
1273021
1273127
1273291
1273403
1273483
1273637
1273733
1273889
1274011
1274129
1274293
1274401
1274599
1274737
1274899
1275067
1275227
1275361
1275541
1275661
1275751
1275863
1275979
1276069
1276183
1276351
1276501
1276621
1276739
1276871
1276987
1277083
1277233
1277369
1277543
1277677
1277803
1277909
1278097
1278203
1278341
1278439
1278601
1278701
1278803
1278997
1279093
1279183
1279319
1279483
1279583
1279679
1279807
1279907
1280101
1280173
1280309
1280453
1280623
1280759
1280857
1281029
1281149
1281257
1281389
1281521
1281667
1281773
1281853
1281983
1282093
1282213
1282349
1282469
1282543
1282649
1282763
1282909
1283017
1283129
1283297
1283441
1283563
1283719
1283873
1283981
1284169
1284301
1284427
1284551
1284659
1284793
1284931
1285057
1285159
1285259
1285397
1285513
1285649
1285777
1285859
1285981
1286107
1286239
1286371
1286513
1286629
1286707
1286833
1286969
1287101
1287199
1287353
1287479
1287589
1287707
1287799
1287917
1288009
1288103
1288213
1288367
1288531
1288643
1288769
1288853
1288951
1289053
1289213
1289341
1289459
1289599
1289731
1289839
1289971
1290143
1290257
1290427
1290533
1290631
1290811
1290937
1291111
1291217
1291343
1291453
1291579
1291817
1291957
1292069
1292177
1292309
1292441
1292579
1292657
1292789
1292953
1293077
1293233
1293319
1293433
1293559
1293757
1293869
1293977
1294081
1294201
1294351
1294477
1294633
1294757
1294973
1295071
1295201
1295299
1295387
1295549
1295653
1295803
1295947
1296041
1296181
1296331
1296473
1296571
1296679
1296817
1296973
1297063
1297171
1297273
1297369
1297459
1297573
1297669
1297847
1298039
1298149
1298309
1298489
1298651
1298797
1298923
1299041
1299187
1299289
1299377
1299533
1299673
1299821
