23
61
103
151
197
251
307
359
419
463
523
593
643
701
761
827
883
953
1019
1069
1129
1213
1279
1321
1427
1481
1543
1601
1663
1733
1801
1877
1951
2017
2087
2143
2239
2297
2371
2423
2521
2593
2671
2713
2789
2851
2927
3011
3083
3181
3253
3323
3389
3467
3539
3607
3673
3739
3823
3907
3967
4049
4127
4211
4261
4349
4441
4513
4591
4657
4733
4813
4919
4973
5039
5113
5209
5297
5393
5443
5519
5591
5669
5743
5827
5879
5987
6073
6143
6221
6299
6359
6449
6551
6619
6701
6781
6857
6947
6997
7079
7187
7247
7349
7459
7529
7583
7669
7727
7829
7907
8009
8089
8171
8243
8317
8423
8521
8599
8677
8737
8819
8887
8971
9049
9151
9221
9311
9391
9439
9521
9623
9697
9781
9851
9929
10039
10111
10181
10271
10337
10453
10529
10627
10709
10789
10883
10973
11069
11149
11243
11317
11411
11491
11593
11699
11789
11863
11939
12011
12107
12197
12269
12373
12437
12511
12583
12653
12743
12829
12919
13001
13093
13163
13249
13337
13441
13523
13627
13697
13763
13873
13931
14033
14149
14249
14347
14431
14533
14593
14683
14753
14827
14897
15013
15101
15187
15269
15329
15401
15493
15583
15661
15739
15809
15907
16001
16087
16187
16267
16369
16453
16561
16651
16741
16843
16931
17021
17099
17191
17299
17383
17449
17519
17609
17713
17807
17909
17977
18059
18133
18223
18301
18379
18457
18541
18679
18773
18911
19009
19087
19211
19289
19391
19447
19507
19597
19717
19801
19891
19979
20051
20129
20219
20327
20393
20483
20593
20707
20771
20887
20963
21031
21143
21211
21319
21401
21499
21569
21647
21739
21821
21911
22013
22079
22153
22271
22349
22447
22543
22639
22717
22787
22901
23003
23057
23143
23227
23327
23447
23557
23623
23689
23789
23873
23957
24029
24103
24179
24281
24407
24499
24611
24709
24821
24919
25013
25117
25189
25303
25373
25463
25583
25657
25747
25847
25933
26017
26113
26203
26293
26387
26459
26573
26683
26729
26833
26903
26993
27077
27197
27283
27427
27527
27631
27737
27791
27851
27953
28051
28123
28277
28351
28447
28547
28607
28663
28753
28843
28933
29033
29147
29221
29327
29401
29501
29599
29717
29833
29921
30047
30119
30203
30307
30403
30509
30631
30703
30809
30871
30977
31079
31159
31237
31319
31393
31531
31627
31723
31817
31963
32057
32119
32213
32309
32371
32443
32537
32611
32717
32803
32917
32993
33073
33179
33289
33353
33461
33547
33613
33703
33773
33863
33961
34123
34211
34283
34361
34469
34537
34631
34721
34819
34913
35051
35111
35221
35317
35407
35509
35591
35747
35837
35923
36007
36097
36209
36299
36389
36497
36583
36677
36761
36833
36919
37003
37097
37201
37313
37397
37501
37567
37643
37781
37871
37987
38083
38197
38287
38371
38501
38611
38699
38767
38867
38959
39079
39157
39229
39323
39409
39511
39623
39727
39827
39883
39989
40099
40177
40283
40429
40519
40609
40751
40829
40903
41017
41117
41189
41257
41381
41479
41579
41641
41737
41849
41927
41999
42083
42187
42281
42359
42437
42491
42611
42701
42773
42859
42961
43051
43177
43291
43411
43541
43613
43717
43793
43951
44021
44101
44189
44269
44383
44507
44587
44683
44773
44867
44959
45077
45179
45289
45361
45491
45587
45677
45779
45869
45989
46099
46187
46301
46411
46499
46591
46681
46769
46861
46997
47119
47207
47303
47389
47501
47581
47659
47743
47843
47947
48049
48163
48271
48383
48479
48541
48649
48761
48823
48947
49033
49121
49201
49307
49409
49481
49597
49681
49787
49871
49957
50053
50129
50231
50333
50423
50543
50647
50773
50873
50971
51071
51197
51283
51383
51449
51521
51613
51713
51817
51899
51991
52103
52189
52291
52391
52541
52627
52721
52817
52919
53003
53101
53189
53281
53401
53507
53611
53693
53791
53891
53987
54091
54193
54323
54409
54497
54563
54647
54767
54877
54979
55073
55201
55291
55381
55511
55621
55691
55799
55849
55933
56053
56149
56249
56377
56467
56527
56629
56713
56809
56897
56963
57073
57149
57241
57331
57427
57559
57667
57737
57829
57923
58043
58129
58207
58313
58403
58481
58603
58711
58831
58943
59023
59107
59197
59273
59387
59453
59561
59659
59743
59863
59999
60091
60167
60289
60397
60521
60631
60719
60793
60913
61007
61129
61261
61363
61471
61553
61637
61717
61843
61967
62047
62137
62219
62347
62477
62581
62659
62773
62897
62983
63097
63211
63331
63397
63487
63587
63649
63719
63803
63907
64033
64153
64271
64381
64499
64613
64709
64849
64927
65033
65123
65203
65323
65419
65537
65599
65687
65761
65851
65963
66071
66173
66343
66431
66529
66617
66733
66841
66931
67033
67129
67211
67289
67411
67489
67567
67679
67763
67853
67943
68053
68161
68279
68443
68507
68633
68729
68819
68909
69029
69149
69239
69371
69457
69539
69709
69827
69929
70019
70121
70199
70289
70381
70487
70583
70667
70823
70901
70979
71069
71167
71263
71347
71419
71503
71633
71719
71843
71917
71999
72091
72211
72277
72383
72503
72643
72707
72823
72911
72997
73079
73243
73361
73459
73561
73643
73727
73859
73961
74077
74167
74257
74357
74449
74551
74653
74747
74843
74923
75037
75169
75253
75353
75437
75553
75641
75721
75821
75967
76039
76157
76259
76379
76487
76579
76679
76801
76907
77017
77137
77239
77317
77417
77509
77569
77659
77731
77839
77969
78059
78173
78277
78401
78511
78593
78713
78809
78901
79043
79153
79259
79349
79427
79561
79633
79769
79843
79939
80039
80153
80233
80329
80449
80567
80669
80747
80819
80923
81019
81083
81197
81299
81401
81533
81629
81703
81817
81929
82007
82073
82193
82267
82387
82493
82571
82699
82787
82891
83023
83117
83233
83341
83431
83557
83639
83761
83873
83987
84121
84199
84307
84401
84467
84559
84697
84793
84919
85027
85109
85223
85331
85439
85531
85627
85717
85837
85991
86111
86183
86269
86353
86441
86533
86677
86771
86923
87011
87119
87221
87313
87427
87523
87589
87679
87751
87877
87973
88079
88241
88379
88499
88651
88747
88817
88903
89017
89101
89209
89303
89413
89513
89597
89669
89797
89897
89983
90053
90149
90227
90359
90439
90533
90659
90793
90901
90997
91127
91193
91297
91393
91493
91591
91753
91837
91957
92051
92177
92243
92357
92413
92507
92639
92699
92789
92863
92959
93089
93179
93263
93371
93487
93559
93703
93851
93937
94009
94117
94253
94343
94439
94541
94613
94747
94837
94949
95063
95131
95231
95311
95419
95507
95603
95717
95801
95911
95989
96137
96223
96329
96451
96527
96667
96763
96847
96973
97073
97171
97303
97423
97523
97607
97771
97849
97943
98047
98213
98321
98411
98491
98621
98717
98837
98909
98993
99089
99173
99277
99397
99527
99611
99713
99817
99901
100019
100153
100271
100363
100469
100547
100673
100799
100927
101021
101117
101203
101293
101399
101501
101581
101693
101789
101879
101987
102061
102149
102233
102329
102451
102547
102647
102769
102881
103007
103099
103289
103393
103511
103591
103699
103841
103967
104021
104119
104231
104323
104459
104549
104659
104723
104803
104917
105023
105173
105269
105367
105467
105541
105667
105767
105913
106013
106129
106243
106319
106397
106501
106637
106703
106783
106877
106979
107089
107201
107323
107467
107621
107719
107839
107927
108023
108131
108217
108301
108439
108533
108649
108791
108881
108947
109037
109139
109229
109357
109441
109537
109619
109751
109847
109919
110059
110233
110321
110477
110563
110623
110749
110863
110933
111043
111143
111263
111373
111493
111599
111721
111799
111871
111997
112111
112213
112289
112361
112543
112621
112771
112909
112997
113063
113143
113177
113329
113437
113557
113719
113797
113921
114013
114113
114217
114319
114473
114599
114671
114769
114859
115001
115117
115211
115319
115421
115553
115637
115757
115811
115877
115979
116101
116191
116329
116437
116533
116681
116791
116903
116981
117071
117193
117281
117389
117511
117619
117721
117797
117883
117979
118081
118213
118343
118429
118571
118673
118757
118891
118973
119089
119183
119297
119429
119563
119659
119747
119831
119929
120041
120121
120233
120371
120503
120607
120691
120779
120871
120941
121021
121157
121283
121351
121447
121547
121621
121727
121909
121997
122053
122173
122267
122387
122477
122561
122693
122819
122891
123007
123121
123239
123377
123449
123547
123637
123731
123829
123953
124087
124181
124291
124351
124477
124577
124703
124781
124907
125017
125119
125221
125329
125429
125551
125659
125737
125863
125959
126041
126151
126257
126359
126487
126601
126713
126823
126949
127081
127217
127291
127403
127541
127637
127703
127781
127873
128021
128153
128239
128341
128431
128509
128621
128717
128837
128951
129011
129119
129223
129341
129449
129527
129607
129737
129887
129971
130079
130201
130303
130399
130483
130589
130657
130807
130957
131059
131171
131297
131413
131497
131617
131713
131797
131927
132047
132157
132263
132367
132491
132589
132667
132749
132859
132961
133073
133169
133277
133351
133481
133597
133709
133813
133967
134059
134171
134263
134353
134443
134593
134707
134851
134947
135049
135181
135277
135367
135461
135571
135623
135721
135841
135937
136069
136193
136303
136373
136447
136523
136607
136727
136841
136949
137029
137153
137251
137363
137447
137573
137699
137803
137927
138041
138139
138239
138337
138433
138547
138617
138731
138863
138959
139121
139267
139339
139423
139511
139627
139739
139861
139967
140069
140191
140281
140401
140473
140593
140677
140761
140863
140977
141101
141209
141283
141403
141511
141629
141697
141793
141907
142007
142099
142193
142327
142453
142567
142673
142789
142903
142993
143159
143281
143419
143509
143593
143699
143813
143947
144061
144173
144299
144409
144511
144611
144737
144839
144961
145043
145193
145303
145433
145511
145601
145703
145799
145931
146011
146093
146213
146317
146417
146539
146669
146777
146891
146987
147097
147211
147299
147397
147503
147613
147709
147793
147937
148079
148193
148303
148411
148517
148639
148727
148859
148933
149033
149111
149197
149309
149399
149497
149563
149717
149827
149911
150041
150107
150217
150329
150427
150551
150649
150791
150893
150989
151091
151201
151289
151397
151507
151579
151667
151769
151849
151967
152077
152197
152293
152417
152519
152623
152729
152833
152909
153001
153133
153281
153379
153469
153557
153701
153841
153947
154061
154153
154247
154339
154459
154589
154691
154789
154883
155009
155137
155219
155333
155443
155557
155653
155719
155801
155891
156071
156217
156319
156467
156593
156679
156781
156901
157019
157127
157217
157273
157351
157483
157579
157733
157831
157931
158047
158201
158303
158407
158537
158617
158749
158863
158993
159119
159209
159347
159457
159541
159631
159737
159799
159911
160033
160141
160243
160387
160499
160621
160687
160781
160879
161009
161093
161233
161339
161461
161563
161659
161771
161879
161977
162091
162263
162391
162517
162601
162691
162779
162859
162973
163109
163193
163321
163411
163543
163637
163753
163859
163981
164057
164183
164267
164371
164449
164599
164701
164831
164999
165089
165233
165349
165457
165551
165653
165721
165877
166013
166151
166259
166357
166471
166609
166679
166807
166871
167009
167077
167159
167267
167393
167471
167621
167729
167863
167971
168083
168227
168331
168463
168599
168713
168851
168943
169067
169177
169283
169369
169493
169627
169693
169817
169913
170003
170111
170227
170299
170383
170503
170627
170741
170813
170899
171043
171161
171263
171403
171517
171629
171707
171803
171889
172027
172153
172223
172331
172427
172553
172633
172717
172849
172973
173059
173189
173291
173473
173561
173671
173773
173861
173977
174067
174149
174281
174389
174487
174617
174721
174829
174931
175067
175261
175361
175481
175631
175723
175837
175937
176021
176089
176207
176317
176383
176467
176549
176629
176753
176849
176951
177091
177211
177323
177433
177553
177743
177841
177943
178067
178169
178261
178393
178487
178571
178643
178799
178877
178939
179057
179167
179281
179383
179471
179573
179657
179743
179833
179947
180007
180161
180259
180337
180463
180547
180701
180811
181019
181157
181253
181397
181513
181639
181751
181871
181943
182041
182123
182209
182339
182453
182549
182639
182713
182851
182933
183047
183203
183317
183389
183497
183577
183697
183829
183959
184043
184157
184271
184369
184511
184609
184703
184831
184957
185057
185137
185233
185359
185483
185557
185681
185749
185833
185947
186019
186113
186227
186301
186437
186587
186689
186763
186883
187049
187129
187193
187337
187409
187507
187637
187751
187883
187973
188147
188281
188359
188459
188603
188701
188801
188891
188999
189139
189251
189353
189437
189517
189617
189713
189851
189947
190031
190181
190313
190403
190577
190657
190763
190837
190979
191089
191189
191339
191461
191533
191657
191747
191833
191977
192091
192187
192271
192377
192529
192601
192697
192811
192889
192991
193093
193201
193367
193447
193559
193663
193771
193861
193951
194071
194167
194323
194483
194647
194717
194827
194917
195047
195131
195241
195341
195443
195541
195731
195791
195913
195997
196111
196193
196331
196499
196583
196699
196817
196919
197059
197147
197261
197341
197423
197569
197677
197767
197893
197969
198091
198221
198313
198413
198503
198623
198733
198839
198943
199037
199193
199337
199429
199523
199669
199751
199831
199961
200041
200183
200297
200383
200569
200671
200797
200903
201011
201139
201247
201401
201497
201599
201701
201791
201881
201953
202061
202183
202309
202403
202567
202667
202757
202889
202987
203141
203249
203341
203419
203569
203663
203809
203921
204013
204137
204301
204371
204481
204587
204719
204821
204947
205069
205157
205267
205399
205477
205553
205657
205823
205957
206033
206153
206233
206299
206411
206501
206627
206807
206911
207017
207127
207241
207341
207457
207517
207593
207709
207821
207953
208049
208141
208261
208367
208459
208519
208657
208759
208907
209021
209173
209249
209333
209431
209543
209623
209719
209821
209939
210031
210131
210209
210299
210403
210499
210643
210773
210869
210967
211093
211213
211291
211403
211507
211643
211727
211859
211933
212081
212203
212353
212461
212587
212701
212869
212981
213091
213193
213281
213361
213491
213613
213737
213881
213973
214043
214147
214259
214399
214499
214603
214691
214787
214883
215063
215183
215309
215399
215503
215659
215771
215893
215983
216119
216233
216373
216509
216641
216743
216829
216919
217057
217199
217307
217363
217439
217573
217691
217793
217937
218081
218149
218357
218437
218527
218627
218719
218833
218947
219019
219103
219277
219377
219491
219599
219683
219763
219847
219941
220013
220163
220307
220399
220529
220663
220757
220861
220919
221071
221197
221261
221411
221509
221623
221719
221827
221957
222043
222149
222289
222361
222499
222619
222779
222863
222967
223051
223207
223259
223337
223441
223549
223697
223831
223963
224069
224177
224267
224363
224491
224611
224717
224863
224947
225077
225161
225263
225353
225493
225583
225689
225781
225931
226007
226133
226241
226381
226487
226621
226697
226817
226937
227111
227191
227299
227419
227501
227593
227663
227797
227989
228113
228223
228331
228427
228517
228601
228731
228829
228901
228989
229139
229223
229321
229433
229549
229631
229727
229781
229903
230017
230117
230227
230311
230389
230507
230653
230771
230863
230977
231079
231271
231349
231461
231551
231631
231809
231893
232007
232109
232259
232409
232499
232621
232741
232853
232961
233141
233239
233341
233437
233609
233693
233879
233983
234121
234193
234287
234383
234527
234613
234733
234811
234931
235007
235111
235241
235397
235523
235621
235783
235889
236017
236129
236287
236387
236503
236641
236729
236867
236947
237071
237163
237283
237379
237581
237707
237851
237967
238037
238151
238223
238321
238423
238529
238673
238759
238877
238967
239119
239237
239347
239441
239557
239671
239783
239879
240007
240089
240197
240319
240437
240587
240701
240797
240893
241027
241117
241253
241333
241441
241543
241643
241739
241847
241921
242009
242147
242261
242399
242483
242617
242689
242807
242927
243101
243197
243311
243437
243533
243631
243769
243863
244003
244129
244243
244333
244403
244493
244597
244691
244787
244889
245033
245171
245279
245411
245519
245621
245719
245821
245941
246073
246187
246271
246371
246523
246613
246713
246809
246919
247001
247183
247301
247393
247529
247609
247717
247813
247939
248041
248119
248203
248317
248441
248543
248639
248749
248839
248903
249089
249187
249311
249421
249503
249593
249737
249857
249967
250043
250153
250343
250499
250693
250777
250853
250969
251071
251177
251233
251353
251467
251533
251639
251791
251893
251983
252143
252223
252323
252443
252583
252713
252827
252913
253049
253229
253367
253447
253553
253639
253751
253823
253937
254027
254147
254279
254407
254557
254729
254803
254899
254987
255077
255173
255247
255383
255499
255613
255709
255841
255919
256021
256129
256211
256369
256493
256603
256723
256889
257017
257161
257273
257353
257459
257591
257711
257861
257953
258067
258157
258283
258389
258487
258581
258673
258743
258887
258991
259157
259219
259387
259507
259621
259697
259813
259943
260023
260191
260329
260441
260549
260651
260773
260879
260999
261077
261251
261379
261467
261593
261707
261799
261977
262109
262187
262313
262399
262519
262643
262733
262877
263009
263111
263213
263303
263429
263533
263621
263761
263869
263953
264071
264167
264301
264403
264577
264697
264787
264889
264991
265117
265207
265313
265427
265543
265621
265781
265871
266009
266083
266159
266293
266411
266549
266677
266767
266897
266971
267131
267217
267307
267413
267493
267569
267643
267719
267797
267893
268003
268153
268271
268493
268573
268733
268811
268897
268993
269069
269189
269281
269389
269513
269617
269723
269887
270001
270131
270223
270311
270437
270547
270619
270719
270833
270961
271067
271181
271279
271429
271549
271651
271787
271879
272003
272141
272231
272329
272383
272507
272621
272761
272903
272989
273073
273187
273311
273503
273629
273773
273901
273997
274117
274199
274283
274451
274591
274711
274829
274889
275003
275131
275227
275357
275453
275549
275651
275767
275917
275987
276049
276187
276293
276389
276503
276599
276763
276839
276949
277073
277213
277297
277429
277577
277663
277789
277897
278051
278149
278261
278393
278503
278611
278701
278813
278903
279029
279143
279317
279443
279557
279641
279761
279913
280013
280129
280243
280339
280507
280591
280697
280771
280897
280963
281081
281227
281317
281423
281557
281647
281747
281833
281923
282011
282103
282253
282383
282481
282617
282707
282847
282959
283079
283159
283289
283489
283583
283697
283813
283949
284059
284159
284243
284377
284483
284573
284681
284743
284819
284927
285079
285179
285289
285463
285557
285643
285749
285841
286001
286129
286367
286457
286519
286619
286733
286831
287047
287141
287237
287321
287449
287611
287783
287867
288049
288191
288293
288403
288527
288649
288751
288853
288989
289049
289139
289241
289319
289439
289573
289717
289837
289937
290023
290113
290219
290369
290471
290557
290659
290761
290869
290999
291103
291209
291337
291439
291547
291689
291817
291901
292057
292157
292301
292427
292517
292631
292717
292837
292973
293107
293207
293339
293467
293633
293729
293863
294013
294131
294223
294311
294391
294509
294659
294787
294887
294989
295079
295219
295319
295439
295591
295769
295861
295943
296041
296183
296273
296437
296519
296627
296729
296801
296929
297049
297161
297317
297457
297581
297659
297797
297907
298021
298157
298237
298349
298483
298631
298723
298841
299011
299107
299239
299359
299471
299567
299699
299807
299941
300043
300187
300299
300397
300497
300623
300719
300787
300889
300997
301127
301237
301349
301459
301579
301669
301789
301901
301993
302171
302279
302429
302573
302663
302801
302903
302983
303053
303157
303307
303379
303493
303587
303683
303781
303917
304033
304127
304253
304373
304459
304541
304663
304771
304879
304949
305047
305147
305329
305411
305483
305597
305741
305839
305947
306091
306193
306331
306421
306511
306643
306749
306857
306947
307079
307171
307273
307381
307523
307631
307733
307891
308051
308149
308309
308423
308519
308621
308773
308899
309007
309091
309193
309293
309433
309521
309623
309737
309857
310021
310127
310243
310379
310489
310577
310727
310819
310927
311033
311183
311303
311419
311561
311683
311803
311957
312071
312199
312253
312349
312451
312583
312679
312779
312931
313009
313147
313267
313343
313507
313589
313679
313777
313909
313987
314107
314213
314267
314407
314543
314627
314761
314903
315013
315127
315269
315409
315517
315593
315697
315829
315949
316067
316189
316271
316391
316499
316633
316703
316817
316907
317021
317159
317267
317363
317483
317593
317701
317777
317903
317987
318161
318233
318313
318419
318559
318677
318751
318863
318979
319093
319183
319321
319411
319489
319591
319699
319819
319931
320039
320113
320219
320317
320449
320563
320687
320833
320927
321053
321193
321311
321371
321469
321617
321733
321829
321961
322057
322169
322261
322409
322523
322607
322747
322871
322969
323087
323233
323369
323467
323581
323707
323819
323957
324101
324209
324319
324431
324503
324619
324733
324811
324941
325009
325093
325219
325333
325459
325571
325691
325769
325883
325987
326101
326171
326353
326537
326609
326693
326867
326951
327059
327209
327317
327419
327493
327581
327689
327809
327881
328007
328109
328271
328357
328481
328621
328753
328849
328981
329111
329233
329309
329431
329587
329663
329761
329891
329999
330097
330217
330311
330413
330569
330679
330767
330859
331013
331147
331241
331337
331451
331549
331663
331781
331907
331999
332117
332207
332317
332471
332573
332743
332881
332993
333101
333227
333331
333433
333503
333647
333737
333857
333997
334127
334247
334379
334487
334603
334699
334783
334931
335033
335117
335221
335381
335477
335609
335719
335833
335957
336109
336211
336307
336463
336563
336649
336761
336829
336961
337049
337213
337301
337397
337529
337639
337751
337867
337957
338141
338207
338287
338369
338461
338579
338731
338851
339023
339137
339247
339389
339583
339659
339769
339887
340049
340121
340267
340393
340519
340619
340723
340849
340927
341027
341171
341281
341347
341501
341617
341729
341839
341959
342071
342191
342283
342373
342481
342607
342757
342863
343019
343153
343253
343333
343433
343561
343649
343799
343901
344021
344171
344237
344293
344429
344611
344719
344821
344921
345017
345143
345307
345473
345577
345673
345749
345853
345979
346111
346207
346331
346399
346469
346601
346699
346867
346963
347071
347177
347257
347411
347561
347671
347779
347929
347989
348083
348239
348353
348437
348553
348643
348779
348917
349043
349171
349303
349381
349477
349579
349729
349831
349927
350029
350159
350293
350437
350563
350699
350771
350887
350989
351061
351217
351301
351397
351503
351661
351763
351859
351991
352097
352229
352333
352409
352489
352607
352753
352853
352973
353099
353201
353341
353471
353611
353687
353807
353911
354023
354121
354251
354323
354401
354533
354661
354751
354869
354979
355049
355127
355331
355457
355529
355643
355763
355867
355969
356137
356263
356441
356549
356693
356831
356969
357083
357199
357293
357431
357569
357653
357727
357809
357977
358103
358223
358301
358441
358571
358669
358747
358861
358951
359041
359153
359279
359377
359483
359599
359731
359897
360053
360193
360289
360439
360593
360803
360901
360989
361159
361271
361363
361463
361549
361687
361799
361919
362027
362137
362233
362347
362419
362569
362723
362867
362977
363061
363199
363329
363401
363523
363581
363731
363833
363947
364073
364193
364313
364417
364523
364627
364747
364883
364993
365107
365213
365327
365441
365513
365611
365749
365851
366019
366139
366217
366307
366419
366511
366683
366791
366889
366983
367069
367201
367277
367427
367559
367651
367751
367849
368021
368111
368227
368327
368471
368593
368729
368833
369007
369119
369247
369353
369553
369709
369833
369961
370057
370159
370261
370441
370537
370631
370793
370897
371087
371213
371299
371383
371509
371639
371837
371939
372037
372149
372277
372377
372481
372637
372733
372817
372901
373019
373181
373231
373357
373487
373631
373757
373937
374029
374111
374203
374333
374461
374641
374719
374807
374909
375017
375101
375169
375257
375373
375481
375569
375703
375799
375971
376049
376171
376307
376477
376583
376679
376787
376847
376949
377123
377231
377347
377491
377581
377711
377809
377981
378101
378223
378317
378467
378571
378683
378809
378929
379013
379133
379273
379387
379459
379579
379693
379811
379909
380041
380179
380269
380363
380461
380629
380797
380881
381001
381103
381253
381373
381461
381541
381697
381793
381949
382069
382231
382363
382511
382601
382709
382807
382919
383041
383113
383267
383399
383527
383627
383729
383821
383941
384049
384151
384257
384343
384479
384589
384701
384821
384941
385079
385159
385289
385397
385531
385607
385741
385859
385991
386117
386173
386299
386383
386501
386621
386719
386891
387017
387151
387253
387397
387529
387677
387781
387953
388081
388177
388273
388391
388519
388691
388789
388901
389023
389111
389219
389357
389483
389567
389687
389791
389911
389989
390107
390199
390343
390413
390491
390653
390743
390869
390989
391067
391199
391301
391397
391553
391691
391789
391891
392011
392113
392213
392279
392363
392489
392611
392759
392849
392957
393059
393137
393241
393361
393479
393577
393667
393739
393863
393989
394123
394241
394367
394507
394631
394729
394819
394967
395069
395147
395261
395383
395509
395627
395749
395909
396043
396181
396293
396379
396527
396623
396713
396931
397027
397151
397259
397361
397493
397591
397729
397829
397973
398063
398171
398287
398369
398473
398581
398693
398833
398969
399079
399173
399277
399409
399527
399617
399731
399853
399979
400087
400217
400307
400429
400601
400711
400853
400997
401101
401237
401347
401507
401629
401773
401909
402023
402107
402253
402343
402487
402581
402739
402817
402943
403057
403163
403301
403433
403567
403681
403817
403933
404017
404161
404251
404381
404461
404539
404783
404959
405047
405199
405277
405407
405521
405641
405709
405827
405947
406037
406183
406331
406481
406561
406661
406811
406981
407153
407249
407321
407471
407573
407669
407789
407879
407977
408127
408217
408337
408431
408539
408677
408769
408911
409007
409121
409267
409369
409477
409589
409723
409823
409901
409999
410143
410257
410359
410477
410587
410701
410801
410983
411067
411167
411287
411443
411557
411637
411727
411823
411967
412051
412147
412219
412343
412537
412627
412793
412943
413071
413143
413251
413443
413579
413713
413849
413981
414083
414203
414311
414397
414503
414629
414703
414773
414893
414991
415109
415189
415379
415507
415607
415687
415799
415937
416011
416159
416281
416407
416491
416593
416797
416947
417089
417181
417283
417383
417511
417623
417731
417839
417953
418043
418169
418279
418351
418471
418633
418763
418837
418921
419047
419171
419291
419423
419491
419591
419701
419821
419953
420097
420263
420331
420421
420551
420683
420799
420919
421037
421147
421279
421409
421493
421643
421717
421891
422057
422111
422239
422339
422459
422581
422753
422867
422927
423067
423173
423259
423347
423463
423559
423713
423803
423949
424027
424139
424243
424343
424493
424601
424729
424841
424913
425059
425197
425297
425417
425519
425653
425819
425903
426061
426193
426319
426469
426631
426737
426799
426919
427043
427169
427283
427403
427457
427597
427751
427883
427991
428047
428173
428299
428473
428567
428677
428807
428957
429127
429227
429349
429449
429521
429631
429719
429827
429911
429991
430093
430289
430433
430571
430699
430783
430873
430957
431051
431173
431269
431381
431521
431657
431777
431867
431947
432053
432149
432277
432359
432457
432559
432661
432797
432931
433051
433141
433253
433351
433439
433577
433679
433787
433931
434081
434191
434293
434383
434471
434597
434743
434839
434927
435037
435151
435257
435359
435451
435571
435649
435763
435889
435997
436127
436273
436399
436507
436621
436729
436853
436993
437113
437237
437357
437497
437587
437719
437861
438001
438169
438281
438409
438523
438631
438761
438877
438979
439141
439279
439421
439519
439631
439729
439823
439949
440047
440183
440303
440393
440509
440581
440717
440831
440959
441073
441169
441263
441443
441557
441667
441811
441923
442031
442151
442229
442363
442489
442579
442733
442817
442919
443017
443123
443203
443281
443407
443501
443603
443749
443867
443939
444043
444151
444281
444401
444487
444569
444701
444833
444901
445021
445157
445283
445453
445583
445699
445829
445943
446111
446227
446333
446447
446597
446759
446893
447011
447137
447247
447401
447481
447637
447779
447877
448003
448121
448199
448363
448531
448697
448829
448907
449051
449153
449249
449333
449437
449569
449681
449797
449951
450029
450137
450239
450343
450421
450529
450641
450767
450839
450913
451039
451177
451303
451411
451553
451669
451771
451879
451961
452083
452227
452377
452533
452633
452807
452957
453133
453217
453317
453461
453631
453707
453851
453977
454063
454213
454313
454451
454577
454711
454847
454943
455053
455201
455309
455401
455479
455579
455687
455827
455953
456037
456167
456353
456461
456559
456647
456767
456899
457013
457117
457241
457339
457421
457559
457673
457813
457979
458063
458207
458363
458531
458621
458729
458879
458963
459029
459169
459301
459383
459509
459647
459803
459937
460087
460189
460337
460451
460619
460711
460843
460951
461017
461171
461297
461393
461507
461639
461803
461957
462097
462221
462373
462481
462571
462667
462773
462901
463093
463237
463319
463451
463531
463663
463781
463873
463987
464089
464197
464291
464419
464539
464647
464771
464857
464951
465019
465119
465209
465319
465463
465631
465761
465893
466019
466091
466247
466357
466537
466637
466751
466913
467063
467183
467317
467447
467527
467627
467689
467813
467899
468019
468113
468199
468353
468491
468593
468667
468761
468869
468973
469141
469253
469367
469501
469631
469753
469849
469979
470089
470209
470299
470413
470489
470597
470669
470819
470927
471041
471173
471277
471403
471521
471619
471703
471841
471931
472063
472159
472289
472393
472543
472687
472793
472909
473089
473197
473311
473419
473507
473611
473743
473899
473981
474073
474169
474319
474433
474541
474647
474769
474907
474977
475109
475243
475333
475427
475549
475669
475753
475837
475921
476027
476107
476243
476381
476507
476633
476737
476863
476989
477091
477293
477439
477553
477677
477809
477899
478063
478169
478259
478403
478459
478589
478727
478811
478897
478991
479147
479243
479371
479489
479593
479771
479879
479971
480061
480167
480343
480427
480521
480647
480787
480937
481021
481123
481199
481343
481469
481619
481699
481837
481939
482071
482213
482347
482413
482519
482641
482719
482819
482941
483127
483233
483347
483467
483563
483709
483787
483883
484037
484151
484259
484397
484493
484639
484777
485021
485123
485263
485417
485567
485701
485833
486023
486119
486223
486341
486443
486559
486653
486757
486869
486991
487093
487219
487381
487463
487601
487703
487789
487891
488011
488161
488239
488321
488407
488567
488651
488749
488879
489001
489127
489241
489367
489479
489613
489733
489833
489941
490031
490159
490267
490417
490537
490591
490741
490891
490969
491129
491251
491339
491461
491539
491653
491783
491873
492017
492103
492319
492463
492601
492673
492781
492967
493093
493159
493243
493369
493481
493621
493733
493859
493973
494083
494213
494327
494413
494563
494651
494731
494843
494959
495113
495211
495337
495413
495527
495613
495707
495797
495923
496019
496187
496297
496439
496511
496703
496849
496949
497069
497177
497297
497423
497521
497633
497729
497851
497977
498101
498257
498397
498497
498611
498739
498833
498961
499067
499157
499277
499397
499519
499633
499691
499801
499957
500083
500179
500287
500393
500501
500671
500777
500887
500957
501077
501187
501257
501401
501563
501701
501821
501953
502063
502181
502339
502501
502631
502729
502847
503017
503197
503297
503389
503543
503623
503777
503869
503969
504103
504197
504323
504457
504593
504677
504851
504943
505033
505117
505213
505321
505429
505523
505639
505727
505871
506047
506173
506327
506417
506531
506609
506731
506861
506963
507103
507193
507349
507491
507599
507719
507827
507961
508087
508223
508327
508451
508559
508661
508841
508943
509053
509203
509317
509441
509569
509659
509741
509867
509989
510079
510203
510299
510449
510581
510691
510823
510989
511109
511193
511289
511409
511507
511591
511723
511867
511991
512137
512321
512503
512581
512671
512779
512903
513001
513083
513173
513313
513419
513529
513691
513769
513923
514049
514123
514247
514357
514513
514637
514739
514823
514903
515143
515279
515381
515587
515681
515777
515887
516023
516163
516247
516359
516437
516541
516643
516727
516877
516977
517081
517207
517277
517399
517487
517571
517639
517823
517949
518083
518159
518249
518411
518521
518689
518761
518863
519011
519119
519247
519359
519487
519577
519691
519803
519931
520043
520193
520339
520409
520549
520649
520763
520921
521023
521153
521251
521363
521483
521551
521671
521789
521881
522017
522127
522233
522337
522469
522601
522703
522811
522887
523031
523213
523387
523493
523597
523681
523801
523949
524081
524197
524269
524389
524521
524707
524863
524947
525001
525157
525247
525377
525461
525583
525709
525809
525937
526049
526139
526249
526381
526483
526601
526679
526763
526909
526997
527129
527237
527377
527453
527603
527749
527881
527993
528127
528247
528391
528509
528667
528791
528883
529007
529117
529229
529327
529471
529603
529693
529819
529973
530051
530197
530279
530389
530527
530609
530731
530837
530969
531101
531203
531337
531521
531623
531799
531871
532001
532153
532261
532349
532451
532561
532669
532781
532907
533011
533149
533249
533353
533509
533693
533809
533921
534007
534077
534211
534329
534491
534617
534697
534857
535013
535151
535243
535391
535547
535669
535771
535937
536023
536141
536233
536323
536447
536531
536671
536771
536857
536947
537029
537143
537269
537401
537599
537743
537847
538001
538123
538247
538331
538471
538561
538709
538789
538921
539047
539153
539267
539347
539507
539653
539761
539897
540119
540187
540307
540391
540541
540629
540769
540871
541049
541193
541301
541417
541531
541613
541727
541837
541993
542083
542153
542261
542447
542539
542687
542791
542923
543019
543157
543241
543313
543463
543607
543703
543811
543887
544007
544129
544273
544471
544613
544727
544861
544937
545087
545203
545387
545521
545617
545747
545873
545959
546097
546197
546317
546461
546599
546683
546863
546967
547103
547249
547369
547483
547567
547661
547769
547889
548069
548201
548323
548423
548521
548657
548761
548851
548957
549089
549169
549313
549443
549551
549649
549737
549877
550009
550129
550241
550379
550513
550631
550717
550831
550951
551039
551143
551297
551423
551549
551671
551753
551909
552001
552103
552241
552379
552511
552659
552787
552883
553037
553103
553211
553369
553481
553583
553681
553769
553919
554017
554167
554269
554419
554573
554677
554779
554843
554959
555083
555251
555349
555491
555677
555823
555967
556093
556243
556321
556459
556579
556679
556753
556819
556931
557021
557153
557309
557449
557567
557717
557789
557903
558083
558197
558307
558469
558539
558661
558791
558931
559067
559201
559297
559451
559547
559633
559739
559849
559973
560089
560171
560237
560317
560477
560561
560689
560797
560893
561053
561109
561307
561409
561599
561797
561947
562091
562259
562333
562417
562519
562631
562703
562813
562949
563021
563117
563263
563413
563543
563723
563851
563987
564097
564227
564307
564401
564491
564667
564793
564937
565049
565183
565283
565381
565469
565559
565651
565813
565937
566089
566201
566387
566453
566567
566701
566821
566971
567067
567209
567389
567499
567653
567761
567871
567961
568091
568187
568279
568439
568577
568699
568853
568987
569071
569161
569251
569423
569579
569671
569771
569851
569957
570071
570139
570329
570419
570509
570601
570683
570839
570937
571037
571163
571279
571409
571589
571717
571801
571877
572051
572161
572281
572399
572491
572597
572659
572801
572881
572993
573161
573299
573437
573509
573673
573787
573883
573977
574127
574261
574373
574501
574631
574727
574907
575027
575131
575243
575371
575503
575611
575711
575849
575957
576041
576179
576293
576427
576529
576637
576703
576787
576977
577097
577219
577349
577463
577547
577667
577831
577931
578047
578203
578317
578441
578533
578621
578741
578843
578999
579119
579277
579409
579521
579587
579701
579809
579947
580079
580213
580343
580477
580627
580711
580807
580913
581047
581171
581261
581353
581459
581597
581701
581821
581941
582037
582173
582299
582451
582587
582721
582793
582937
583021
583171
583273
583397
583493
583613
583727
583853
583981
584081
584279
584399
584557
584659
584737
584873
584981
585049
585149
585313
585443
585577
585677
585779
585877
585953
586087
586213
586361
586463
586577
586679
586811
586909
586981
587101
587179
587297
587437
587533
587621
587731
587827
587947
588037
588131
588241
588389
588509
588647
588767
588893
589027
589181
589273
589409
589531
589681
589807
589921
590077
590171
590309
590399
590593
590713
590819
590963
591091
591233
591377
591499
591623
591749
591881
592049
592139
592303
592369
592483
592597
592681
592843
592931
593051
593149
593233
593353
593473
593539
593647
593851
593987
594137
594227
594329
594449
594551
594667
594793
594917
595037
595097
595183
595277
595373
595523
595703
595843
595961
596059
596159
596273
596419
596579
596669
596789
596879
596983
597133
597271
597403
597521
597599
597689
597827
597929
598099
598193
598379
598487
598651
598729
598877
598981
599117
599251
599371
599479
599603
599701
599843
599959
600091
600239
600317
600407
600529
600673
600827
600931
601031
601147
601247
601333
601457
601651
601771
601883
602029
602099
602221
602311
602411
602521
602647
602753
602873
602983
603103
603227
603431
603541
603667
603781
603859
603923
604031
604243
604343
604441
604603
604711
604811
604907
605023
605167
605257
605401
605531
605609
605789
605893
606017
606083
606247
606383
606527
606649
606757
606899
607001
607091
607157
607301
607357
607549
607703
607837
607939
608087
608177
608339
608401
608519
608653
608759
608873
608987
609107
609221
609307
609403
609517
609607
609743
609877
609991
610193
610301
610447
610567
610681
610783
610849
610957
611081
611213
611393
611497
611621
611801
611903
611993
612067
612169
612301
612377
612583
612713
612811
612923
613049
613181
613253
613381
613471
613597
613699
613829
613969
614101
614183
614377
614531
614633
614717
614843
614963
615103
615259
615379
615473
615577
615721
615793
615907
616069
616153
616229
616361
616459
616529
616673
616787
616877
616999
617107
617231
617327
617411
617521
617681
617759
617857
617983
618161
618287
618377
618547
618637
618833
618941
619033
619169
619277
619397
619589
619693
619811
619921
620051
620201
620311
620401
620519
620639
620743
620849
620981
621083
621239
621353
621461
621629
621739
621871
622009
622109
622189
622333
622483
622577
622669
622849
622987
623071
623281
623383
623521
623653
623723
623867
623957
624049
624191
624271
624401
624509
624607
624731
624829
624983
625111
625231
625351
625507
625631
625777
625909
626011
626177
626323
626477
626611
626693
626783
626929
627071
627163
627271
627391
627559
627667
627797
627947
628057
628193
628301
628427
628591
628753
628819
628973
629081
629263
629401
629513
629623
629743
629857
629929
630043
630181
630319
630493
630593
630719
630871
630997
631153
631259
631391
631483
631573
631681
631817
631901
631993
632117
632231
632327
632393
632557
632677
632813
632939
633053
633209
633337
633461
633571
633739
633803
633953
634091
634187
634273
634373
634519
634609
634717
634841
634937
635057
635251
635333
635413
635519
635653
635801
635893
635983
636107
636247
636331
636473
636613
636739
636829
636967
637129
637271
637337
637459
637543
637691
637771
637883
638063
638179
638359
638501
638669
638857
638999
639143
639259
639371
639517
639631
639703
639853
639997
640069
640193
640267
640457
640589
640691
640853
640949
641083
641203
641327
641467
641579
641749
641833
641923
642077
642197
642281
642487
642613
642791
642881
642997
643081
643217
643421
643523
643649
643729
643889
644029
644123
644197
644341
644431
644549
644647
644747
644857
644933
645041
645149
645367
645481
645577
645661
645763
645893
646027
646169
646267
646397
646537
646637
646831
646909
647011
647113
647261
647359
647477
647587
647687
647783
647893
648029
648107
648229
648331
648437
648631
648763
648911
649007
649123
649277
649403
649499
649577
649661
649783
649867
649981
650179
650317
650477
650581
650761
650869
651017
651127
651223
651323
651473
651647
651767
651853
651971
652117
652243
652343
652447
652559
652627
652741
652853
652943
653111
653243
653431
653539
653647
653749
653881
653969
654053
654169
654293
654421
654541
654629
654767
654853
655001
655103
655241
655337
655471
655561
655657
655849
655987
656147
656297
656377
656519
656657
656749
656891
657017
657113
657269
657383
657493
657589
657719
657911
658051
658153
658261
658351
658477
658601
658703
658871
658963
659063
659189
659333
659497
659597
659671
659819
659941
660047
660131
660241
660349
660503
660593
660683
660799
660899
661019
661109
661231
661373
661513
661663
661849
661939
662047
662177
662309
662407
662537
662671
662789
662917
663007
663161
663269
663407
663557
663601
663763
663881
663979
664091
664177
664319
664441
664571
664633
664711
664847
665011
665111
665201
665293
665419
665557
665659
665789
665947
666041
666143
666277
666439
666559
666683
666773
666929
667081
667211
667351
667441
667549
667673
667781
667883
668029
668153
668303
668533
668617
668741
668869
668989
669113
669271
669377
669463
669649
669707
669859
669943
670051
670211
670303
670447
670541
670639
670777
670903
671029
671141
671261
671369
671501
671633
671777
671911
671981
672097
672169
672283
672379
672587
672757
672823
672943
673069
673157
673273
673397
673457
673567
673649
673811
673979
674123
674239
674363
674533
674693
674759
674837
674957
675109
675187
675299
675449
675559
675643
675827
675929
676037
676129
676279
676391
676573
676721
676859
676937
677021
677119
677309
677441
677543
677683
677827
678037
678179
678289
678407
678493
678599
678659
678767
678883
679033
679153
679249
679369
679463
679603
679733
679829
679907
679993
680107
680213
680327
680417
680531
680651
680809
680959
681047
681151
681271
681407
681497
681623
681763
681883
681983
682141
682247
682333
682447
682597
682729
682901
683071
683231
683351
683461
683591
683701
683789
683863
683957
684119
684269
684373
684473
684599
684751
684829
684977
685073
685177
685337
685429
685541
685669
685759
685969
686039
686141
686269
686417
686519
686723
686837
686963
687019
687109
687233
687343
687437
687523
687647
687773
687901
688027
688139
688277
688403
688531
688657
688747
688871
689021
689107
689257
689357
689461
689603
689771
689867
689929
690073
690233
690377
690491
690607
690787
690919
691109
691189
691333
691451
691591
691709
691799
691897
691991
692099
692249
692333
692413
692537
692651
692761
692927
693041
693157
693337
693431
693569
693683
693743
693859
694033
694189
694277
694367
694481
694567
694717
694867
694987
695081
695207
695309
695407
695561
695641
695749
695873
696053
696149
696317
696413
696523
696653
696763
696887
697009
697093
697211
697373
697447
697553
697681
697759
697937
698039
698249
698329
698437
698539
698713
698899
699053
699157
699253
699373
699469
699571
699733
699931
700067
700171
700279
700387
700523
700633
700781
700883
701009
701177
701299
701413
701497
701609
701699
701837
702011
702139
702269
702347
702439
702539
702671
702773
702869
703033
703169
703267
703379
703499
703673
703763
703903
704017
704117
704219
704303
704449
704567
704663
704777
704849
704983
705053
705163
705269
705427
705613
705779
705871
706001
706099
706193
706297
706417
706561
706679
706763
706897
706999
707131
707261
707429
707563
707683
707797
707887
707969
708047
708139
708269
708359
708493
708599
708803
708923
709057
709201
709307
709433
709547
709673
709777
709861
709963
710081
710273
710377
710483
710569
710663
710839
710911
710989
711121
711223
711397
711517
711649
711731
711847
711947
712093
712219
712339
712483
712573
712697
712843
712951
713107
713189
713287
713389
713501
713653
713827
713927
714073
714223
714443
714529
714677
714809
714893
715019
715151
715237
715357
715457
715579
715699
715823
715903
715991
716143
716321
716453
716549
716671
716783
716899
717011
717139
717293
717443
717551
717679
717841
717989
718163
718321
718391
718511
718657
718801
718931
719057
719177
719267
719419
719573
719689
719779
719911
720023
720173
720257
720361
720491
720619
720767
720877
720971
721057
721159
721223
721321
721439
721597
721703
721883
722011
722123
722243
722333
722431
722563
722723
722849
722983
723101
723167
723263
723379
723473
723587
723739
723851
723949
724079
724211
724331
724481
724567
724639
724769
724879
725009
725147
725303
725381
725519
725663
725807
725939
726043
726149
726301
726413
726527
726629
726751
726893
726991
727121
727241
727313
727459
727589
727717
727807
727939
728087
728267
728383
728537
728659
728743
728851
728927
729023
729191
729329
729451
729557
729637
729737
729877
729979
730139
730297
730459
730589
730727
730811
730901
731041
731189
731257
731369
731539
731651
731761
731851
731957
732097
732209
732287
732461
732601
732731
732841
732971
733127
733241
733333
733427
733561
733753
733849
733949
734057
734197
734303
734431
734549
734693
734807
734911
735043
735139
735211
735337
735431
735529
735689
735821
735949
736039
736147
736277
736399
736511
736721
736871
736987
737089
737203
737309
737479
737563
737663
737773
737887
738029
738163
738313
738401
738523
738707
738827
738923
739031
739121
739241
739337
739399
739523
739637
739787
739931
740041
740161
740321
740461
740561
740681
740849
740989
741077
741187
741343
741469
741569
741691
741847
741967
742111
742213
742307
742457
742559
742697
742801
742981
743111
743173
743273
743423
743657
743779
743891
744043
744199
744353
744451
744637
744727
744833
745001
745133
745249
745391
745573
745709
745817
745973
746069
746177
746243
746411
746509
746677
746797
746903
747049
747203
747343
747451
747557
747679
747829
747917
748021
748207
748331
748463
748589
748687
748789
748861
748981
749129
749209
749323
749431
749587
749747
749863
749971
750121
750179
750383
750517
750667
750787
750863
751021
751141
751217
751319
751411
751567
751661
751759
751871
751987
752111
752203
752299
752459
752593
752707
752831
752933
753091
753229
753409
753527
753631
753721
753821
753979
754081
754157
754267
754367
754463
754597
754739
754903
754979
755081
755213
755329
755413
755561
755707
755809
755969
756131
756251
756373
756533
756649
756739
756919
757109
757247
757343
757457
757579
757711
757829
757997
758111
758231
758339
758449
758573
758707
758783
758899
759019
759149
759287
759401
759547
759617
759697
759799
759953
760103
760187
760289
760433
760531
760621
760783
760901
761003
761153
761249
761363
761437
761531
761623
761773
761879
762007
762187
762319
762407
762563
762721
762847
762959
763043
763183
763339
763429
763559
763627
763771
763897
763967
764059
764209
764327
764471
764611
764723
764891
764993
765097
765181
765257
765379
765497
765619
765767
765881
765971
766097
766223
766313
766399
766511
766639
766793
766891
767017
767147
767309
767423
767539
767647
767773
767869
768059
768169
768263
768371
768457
768613
768751
768853
768983
769091
769243
769339
769463
769589
769723
769837
769987
770059
770179
770291
770447
770557
770647
770801
770897
771013
771109
771269
771401
771499
771607
771697
771877
771973
772097
772231
772379
772477
772631
772721
772903
773021
773093
773249
773387
773501
773609
773723
773863
773953
774073
774161
774283
774463
774589
774691
774803
774929
775079
775189
775349
775507
775627
775741
775889
776029
776143
776233
776401
776513
776651
776813
776921
777031
777167
777241
777373
777451
777617
777737
777859
777989
778097
778213
778333
778439
778553
778681
778763
778879
778993
779111
779249
779377
779563
779657
779761
779879
780029
780173
780287
780401
780587
780697
780823
780917
781021
781129
781247
781357
781433
781531
781661
781817
781951
782009
782123
782209
782339
782473
782659
782783
782963
783077
783191
783317
783413
783569
783689
783743
783799
784061
784171
784283
784373
784463
784561
784697
784841
784981
785123
785221
785321
785413
785537
785641
785777
785903
786031
786167
786307
786431
786589
786703
786859
786959
787069
787207
787337
787477
787547
787711
787807
787939
788041
788159
788287
788377
788467
788563
788719
788869
788959
789077
789169
789367
789493
789611
789713
789851
790003
790099
790261
790369
790481
790589
790703
790819
790957
791029
791159
791291
791411
791561
791677
791849
791933
792049
792151
792263
792371
792487
792601
792689
792793
792941
793103
793229
793379
793517
793621
793721
793841
793957
794039
794137
794203
794383
794483
794579
794711
794921
795071
795139
795251
795427
795533
795653
795737
795829
795947
796121
796217
796361
796459
796571
796699
796801
796889
797003
797063
797273
797389
797549
797593
797729
797887
798023
798121
798199
798319
798461
798599
798713
798871
799021
799171
799313
799453
799553
799657
799789
799921
800053
800131
800237
800357
800483
800557
800659
800731
800879
800993
801079
801247
801371
801503
801617
801761
801947
802037
802159
802283
802463
802597
802721
802799
802969
803093
803269
803393
803483
803611
803731
803897
804007
804113
804211
804341
804497
804589
804709
804833
804929
805033
805111
805241
805327
805451
805531
805703
805811
805913
806033
806153
806269
806383
806543
806737
806893
807011
807127
807241
807403
807491
807613
807757
807923
808039
808211
808349
808421
808579
808681
808777
808961
809093
809203
809309
809407
809521
809701
809771
809843
809993
810109
810253
810361
810427
810533
810643
810791
810923
811067
811183
811277
811441
811561
811691
811771
811931
812047
812179
812281
812363
812477
812627
812711
812921
813061
813167
813277
813377
813511
813647
813817
813961
814043
814129
814241
814393
814531
814631
814771
814883
814991
815159
815279
815413
815527
815627
815729
815923
816043
816157
816227
816377
816547
816689
816817
816887
816971
817093
817183
817321
817463
817651
817757
817867
817933
818101
818239
818341
818429
818621
818819
818969
819073
819229
819311
819419
819491
819607
819701
819799
819937
820093
820213
820319
820409
820541
820649
820753
820907
821027
821101
821209
821383
821489
821651
821803
821879
822011
822161
822233
822329
822431
822581
822673
822761
822853
822973
823129
823241
823357
823489
823619
823717
823787
823903
824029
824147
824281
824443
824563
824699
824801
824933
825017
825109
825247
825343
825439
825551
825679
825779
825947
826039
826153
826303
826391
826549
826663
826723
826849
826963
827087
827251
827417
827537
827681
827803
827873
827989
828101
828221
828407
828587
828701
828811
828901
829057
829159
829267
829469
829627
829723
829831
829979
830117
830257
830341
830441
830551
830657
830801
830899
831037
831163
831323
831433
831553
831647
831713
831821
831911
832103
832189
832339
832427
832583
832639
832721
832841
832943
833047
833197
833347
833467
833597
833719
833857
833977
834137
834269
834439
834571
834653
834797
834947
835033
835213
835369
835459
835607
835721
835831
835951
836071
836183
836291
836413
836569
836699
836789
836881
837059
837157
837359
837461
837611
837731
837887
838037
838139
838249
838403
838517
838609
838751
838853
838949
839071
839261
839413
839491
839611
839731
839879
839963
840137
840239
840341
840491
840661
840761
840907
840991
841091
841219
841289
841411
841597
841741
841913
842041
842113
842209
842339
842417
842497
842617
842771
842923
843043
843173
843299
843383
843503
843629
843779
843883
844069
844153
844253
844427
844483
844553
844651
844841
844957
845099
845209
845333
845447
845657
845777
845921
846037
846187
846343
846407
846563
846733
846869
846953
847043
847139
847237
847361
847507
847607
847727
847883
847993
848143
848273
848423
848557
848647
848761
848849
848933
849083
849197
849311
849467
849599
849733
849869
849997
850081
850207
850301
850397
850529
850691
850879
851017
851131
851239
851327
851419
851569
851671
851803
851899
852101
852197
852289
852457
852589
852749
852829
852913
853049
853189
853357
853529
853669
853793
853889
854017
854099
854257
854363
854459
854599
854771
854923
855059
855191
855293
855397
855521
855683
855737
855889
856021
856133
856241
856369
856469
856567
856711
856813
856927
857029
857137
857281
857407
857551
857669
857743
857897
857981
858127
858251
858373
858503
858701
858817
858919
859037
859181
859279
859433
859567
859669
859801
859927
860051
860117
860317
860393
860513
860623
860779
860891
860969
861059
861167
861353
861541
861617
861743
861871
861947
862067
862177
862259
862343
862447
862559
862651
862811
862943
863081
863231
863393
863593
863743
863851
863921
864049
864131
864223
864341
864491
864587
864707
864883
864979
865087
865213
865313
865409
865577
865681
865769
865859
865993
866083
866213
866389
866519
866689
866783
866927
867023
867151
867259
867389
867467
867577
867679
867803
867947
868081
868199
868327
868423
868537
868669
868793
868883
868997
869119
869251
869339
869461
869579
869717
869849
869959
870083
870173
870283
870413
870533
870643
870809
870907
870997
871163
871303
871517
871643
871789
871957
872057
872149
872237
872353
872437
872563
872659
872791
873017
873121
873317
873421
873539
873659
873767
873989
874103
874229
874343
874459
874619
874711
874807
874891
875107
875233
875317
875393
875509
875621
875701
875783
875947
876041
876137
876257
876349
876523
876647
876761
876853
877043
877181
877301
877397
877567
877699
877867
877949
878089
878173
878291
878443
878593
878677
878789
878873
879007
879133
879259
879353
879533
879649
879707
879839
879973
880067
880199
880303
880423
880553
880681
880793
880883
880993
881119
881207
881333
881449
881539
881711
881911
882029
882157
882251
882391
882529
882653
882773
882913
883061
883187
883249
883391
883483
883627
883733
883889
884011
884159
884267
884363
884489
884617
884803
884959
885091
885187
885301
885421
885529
885721
885821
885923
885991
886117
886243
886367
886469
886549
886667
886819
886979
887093
887203
887377
887483
887617
887681
887827
887941
888077
888179
888319
888427
888533
888683
888781
888917
889001
889123
889279
889367
889501
889687
889871
889937
890063
890161
890333
890501
890671
890803
890887
890999
891103
891277
891391
891509
891587
891677
891809
891893
892019
892123
892253
892391
892531
892643
892777
892919
893033
893119
893237
893363
893479
893653
893797
893917
894067
894167
894233
894343
894449
894581
894713
894869
895007
895151
895247
895343
895463
895613
895691
895789
895901
896047
896191
896341
896453
896557
896681
896879
897011
897119
897251
897349
897473
897577
897691
897829
897971
898097
898199
898279
898421
898519
898661
898769
898897
899069
899189
899321
899491
899687
899807
899917
900089
900169
900293
900481
900583
900673
900773
900931
901063
901171
901253
901423
901499
901643
901781
901919
902029
902179
902311
902449
902579
902677
902789
902963
903079
903223
903367
903457
903613
903757
903913
904069
904157
904289
904483
904573
904663
904759
904847
904931
905083
905171
905291
905453
905599
905687
905803
905959
906089
906211
906329
906421
906523
906649
906751
906847
906949
907133
907217
907321
907427
907513
907663
907757
907871
907999
908129
908249
908417
908513
908591
908711
908813
908881
909023
909107
909241
909319
909409
909541
909683
909787
909889
910003
910121
910213
910447
910583
910709
910817
911011
911111
911201
911303
911413
911593
911689
911819
911899
912031
912173
912287
912413
912497
912647
912829
912941
913037
913217
913373
913487
913709
913889
914041
914237
914351
914461
914569
914657
914791
914873
915017
915143
915247
915379
915547
915641
915763
915919
916057
916141
916259
916387
916477
916621
916787
916931
917051
917141
917239
917363
917519
917633
917753
917827
917927
918089
918173
918301
918397
918539
918677
918787
918913
919021
919147
919253
919393
919531
919693
919817
919937
920053
920203
920291
920411
920519
920701
920791
920947
921029
921157
921257
921409
921563
921667
921779
921911
922039
922099
922283
922357
922499
922619
922699
922861
923047
923171
923249
923399
923501
923581
923701
923851
923959
924037
924139
924299
924419
924527
924661
924751
924829
924997
925081
925159
925273
925391
925513
925621
925741
925913
926017
926129
926239
926377
926503
926617
926707
926851
926977
927097
927259
927403
927557
927677
927803
927967
928111
928231
928337
928463
928619
928703
928849
929003
929069
929171
929303
929419
929557
929639
929749
929881
930043
930157
930269
930389
930547
930653
930779
930931
931097
931199
931319
931529
931657
931781
931883
931981
932119
932219
932353
932473
932567
932677
932819
932947
933059
933217
933319
933463
933613
933781
933853
933973
934067
934187
934319
934469
934547
934669
934793
934891
934979
935107
935213
935381
935507
935621
935717
935839
936053
936197
936311
936437
936539
936673
936773
936917
937031
937187
937351
937501
937633
937709
937823
937927
938051
938117
938263
938369
938533
938677
938843
938963
939089
939193
939349
939443
939613
939749
939853
939997
940127
940249
940351
940501
940607
940739
940853
940957
941099
941201
941309
941449
941513
941617
941737
941879
941999
942079
942199
942317
942479
942607
942749
942859
942983
943081
943213
943307
943409
943567
943729
943799
943909
944071
944191
944369
944467
944551
944677
944777
944899
945089
945289
945391
945521
945671
945799
945899
946003
946111
946273
946411
946513
946681
946801
946919
947027
947203
947377
947431
947621
947729
947833
947959
948061
948173
948331
948443
948557
948767
948907
949021
949153
949303
949441
949583
949651
949777
949937
949997
950111
950233
950363
950483
950611
950699
950813
950933
951047
951109
951283
951407
951553
951647
951803
951959
952097
952183
952291
952429
952573
952687
952813
952927
953023
953149
953297
953473
953551
953699
953861
953983
954131
954229
954319
954461
954619
954727
954857
954977
955093
955217
955313
955441
955601
955727
955841
955951
956057
956237
956357
956503
956713
956861
956993
957097
957193
957337
957499
957611
957751
957889
958021
958141
958313
958367
958499
958577
958693
958849
958957
959143
959237
959363
959473
959617
959759
959873
959969
960121
960229
960373
960523
960647
960793
960941
961063
961117
961187
961319
961459
961601
961663
961757
961847
961973
962063
962237
962417
962503
962617
962737
962839
962963
963121
963227
963331
963461
963629
963709
963811
963901
964049
964217
964303
964423
964559
964693
964823
964927
965059
965171
965249
965401
965491
965623
965777
965953
966109
966221
966319
966401
966509
966631
966817
966923
967061
967289
967391
967501
967667
967781
967877
968003
968113
968237
968321
968431
968537
968689
968827
968959
969097
969239
969359
969461
969593
969719
969821
969923
970063
970217
970297
970447
970583
970747
970847
970939
971027
971111
971237
971353
971441
971561
971699
971851
971951
972047
972137
972263
972353
972473
972613
972787
972899
973031
973129
973283
973409
973547
973727
973837
974033
974147
974261
974387
974473
974557
974711
974821
974891
974989
975133
975259
975379
975497
975629
975743
975883
976009
976127
976279
976439
976513
976637
976799
976951
977107
977239
977363
977521
977681
977819
978001
978067
978157
978269
978359
978479
978619
978749
978871
979009
979159
979229
979343
979471
979651
979831
979987
980137
980293
980423
980557
980687
980803
980911
981049
981151
981283
981397
981493
981623
981731
981913
982057
982133
982231
982363
982573
982693
982801
982909
983113
983189
983317
983431
983527
983699
983809
983929
984083
984241
984349
984421
984541
984701
984853
984947
985097
985253
985379
985483
985597
985709
985819
985973
986071
986189
986287
986471
986567
986659
986767
986903
986989
987083
987209
987383
987533
987697
987869
987997
988109
988231
988343
988489
988591
988727
988859
989011
989173
989323
989423
989579
989719
989827
989921
990001
990169
990289
990361
990497
990599
990767
990893
991027
991091
991223
991387
991511
991621
991733
991883
991961
992051
992219
992357
992449
992609
992777
992891
993011
993169
993253
993401
993527
993689
993841
993961
994069
994199
994307
994393
994559
994667
994793
994879
994997
995167
995329
995399
995549
995641
995747
995927
996019
996167
996263
996403
996551
996647
996841
996953
997043
997111
997207
997319
997433
997583
997681
997793
997933
998029
998167
998287
998423
998551
998687
998819
998927
999023
999149
999287
999433
999563
999683
999863
999983
1000133
1000213
1000333
1000427
1000579
1000679
1000847
1000969
1001069
1001173
1001303
1001387
1001501
1001621
1001743
1001911
1002017
1002121
1002257
1002359
1002481
1002569
1002713
1002797
1002887
1003001
1003109
1003273
1003367
1003507
1003627
1003753
1003889
1004027
1004137
1004287
1004441
1004551
1004677
1004797
1005007
1005101
1005217
1005317
1005427
1005541
1005647
1005827
1005989
1006133
1006193
1006279
1006351
1006471
1006589
1006751
1006879
1006987
1007117
1007243
1007381
1007497
1007651
1007731
1007813
1007933
1008031
1008193
1008263
1008407
1008499
1008607
1008779
1008859
1008979
1009121
1009201
1009303
1009399
1009507
1009637
1009787
1009927
1010069
1010203
1010407
1010501
1010671
1010767
1010881
1010993
1011091
1011229
1011349
1011509
1011631
1011737
1011893
1012009
1012133
1012229
1012369
1012439
1012523
1012631
1012717
1012829
1012997
1013197
1013291
1013477
1013603
1013711
1013819
1013899
1014089
1014173
1014301
1014389
1014547
1014697
1014817
1014941
1015061
1015159
1015363
1015459
1015541
1015691
1015813
1015907
1016027
1016137
1016231
1016399
1016567
1016663
1016789
1016927
1017041
1017173
1017301
1017371
1017481
1017647
1017781
1017881
1018057
1018223
1018357
1018513
1018669
1018769
1018879
1018981
1019077
1019251
1019351
1019449
1019537
1019693
1019747
1019861
1020013
1020109
1020259
1020389
1020517
1020667
1020797
1020893
1020979
1021081
1021183
1021289
1021369
1021463
1021651
1021777
1021897
1022053
1022167
1022251
1022429
1022513
1022653
1022797
1022911
1023047
1023173
1023277
1023361
1023487
1023643
1023821
1023949
1024091
1024249
1024357
1024481
1024609
1024729
1024901
1024987
1025099
1025197
1025279
1025407
1025509
1025623
1025749
1025891
1026031
1026139
1026253
1026391
1026481
1026661
1026791
1026899
1027001
1027139
1027241
1027409
1027493
1027679
1027757
1027891
1028047
1028117
1028221
1028329
1028509
1028663
1028777
1028941
1029037
1029191
1029323
1029407
1029521
1029601
1029757
1029883
1030019
1030069
1030219
1030369
1030529
1030681
1030793
1030889
1031047
1031189
1031347
1031477
1031561
1031717
1031831
1032049
1032221
1032347
1032457
1032571
1032683
1032793
1032881
1033027
1033127
1033297
1033369
1033457
1033541
1033679
1033793
1033987
1034123
1034221
1034323
1034461
1034581
1034707
1034833
1034941
1035043
1035211
1035341
1035449
1035547
1035641
1035791
1035977
1036109
1036229
1036307
1036369
1036537
1036669
1036793
1036921
1037059
1037233
1037329
1037479
1037611
1037753
1037879
1038001
1038119
1038227
1038329
1038497
1038617
1038707
1038827
1039021
1039111
1039289
1039427
1039543
1039733
1039897
1040029
1040113
1040191
1040381
1040503
1040657
1040779
1040857
1040951
1041119
1041203
1041289
1041427
1041559
1041671
1041823
1041907
1042043
1042133
1042267
1042381
1042529
1042633
1042799
1042931
1043111
1043201
1043323
1043501
1043597
1043743
1043839
1043923
1044079
1044181
1044283
1044383
1044509
1044629
1044751
1044847
1044997
1045111
1045199
1045321
1045427
1045549
1045663
1045819
1045997
1046119
1046257
1046399
1046579
1046681
1046833
1046977
1047097
1047197
1047307
1047391
1047539
1047671
1047763
1047887
1048007
1048127
1048273
1048423
1048583
1048703
1048829
1048919
1049077
1049143
1049263
1049459
1049533
1049663
1049791
1049861
1049999
1050151
1050253
1050391
1050509
1050737
1050853
1051003
1051139
1051283
1051417
1051549
1051639
1051763
1051889
1051991
1052137
1052279
1052413
1052533
1052663
1052801
1052899
1053071
1053197
1053347
1053487
1053571
1053713
1053821
1054003
1054133
1054243
1054331
1054439
1054577
1054673
1054831
1054993
1055141
1055267
1055399
1055503
1055671
1055809
1055911
1056019
1056113
1056247
1056353
1056479
1056589
1056719
1056863
1057003
1057129
1057271
1057411
1057577
1057663
1057831
1057963
1058077
1058179
1058329
1058423
1058567
1058671
1058753
1058839
1059017
1059131
1059251
1059343
1059503
1059647
1059749
1059889
1060039
1060177
1060271
1060373
1060463
1060573
1060747
1060963
1061107
1061251
1061353
1061509
1061617
1061717
1061831
1061917
1062121
1062343
1062469
1062643
1062781
1062907
1063001
1063109
1063213
1063397
1063477
1063597
1063709
1063823
1063903
1063973
1064131
1064257
1064341
1064473
1064629
1064743
1064927
1065011
1065089
1065263
1065347
1065527
1065677
1065791
1065893
1066031
1066159
1066313
1066409
1066553
1066687
1066817
1066973
1067057
1067203
1067351
1067471
1067569
1067701
1067789
1067909
1068083
1068217
1068307
1068407
1068499
1068677
1068757
1068887
1069031
1069171
1069273
1069429
1069543
1069597
1069727
1069867
1069979
1070087
1070221
1070317
1070417
1070513
1070621
1070803
1070939
1071121
1071223
1071313
1071407
1071533
1071659
1071787
1071911
1072103
1072219
1072381
1072471
1072711
1072837
1072937
1073069
1073147
1073263
1073393
1073521
1073647
1073791
1073911
1074067
1074167
1074329
1074461
1074607
1074707
1074847
1074923
1075013
1075133
1075201
1075339
1075453
1075537
1075663
1075729
1075859
1076039
1076123
1076237
1076381
1076477
1076611
1076753
1076869
1077023
1077191
1077337
1077469
1077673
1077751
1077859
1077997
1078111
1078219
1078393
1078559
1078717
1078841
1078951
1079059
1079147
1079291
1079383
1079509
1079633
1079777
1079867
1079977
1080073
1080173
1080271
1080383
1080481
1080647
1080767
1080841
1080941
1081079
1081163
1081291
1081417
1081637
1081723
1081793
1081937
1082089
1082171
1082317
1082429
1082579
1082681
1082801
1083007
1083113
1083283
1083349
1083451
1083601
1083749
1083871
1083983
1084103
1084267
1084403
1084493
1084637
1084757
1084871
1085003
1085131
1085269
1085419
1085587
1085719
1085827
1085957
1086103
1086199
1086301
1086391
1086523
1086641
1086791
1086919
1087061
1087249
1087381
1087487
1087631
1087747
1087841
1087967
1088071
1088237
1088389
1088467
1088603
1088671
1088783
1088953
1089091
1089223
1089401
1089503
1089677
1089863
1090013
1090153
1090267
1090421
1090553
1090711
1090819
1090909
1090997
1091063
1091177
1091267
1091381
1091477
1091609
1091711
1091843
1092023
1092127
1092241
1092353
1092451
1092601
1092757
1092887
1092989
1093087
1093201
1093307
1093427
1093553
1093667
1093751
1093889
1093993
1094089
1094183
1094371
1094461
1094557
1094671
1094791
1094897
1094999
1095161
1095251
1095427
1095503
1095631
1095779
1095847
1095989
1096141
1096327
1096427
1096549
1096673
1096817
1096951
1097039
1097147
1097297
1097423
1097543
1097669
1097819
1097903
1098073
1098193
1098313
1098463
1098613
1098731
1098967
1099103
1099247
1099363
1099463
1099541
1099649
1099757
1099843
1100023
1100123
1100219
1100353
1100467
1100581
1100777
1100857
1101071
1101193
1101341
1101431
1101533
1101649
1101767
1101901
1102007
1102159
1102253
1102393
1102481
1102663
1102729
1102861
1102963
1103059
1103183
1103309
1103483
1103587
1103699
1103863
1103989
1104137
1104241
1104373
1104491
1104619
1104739
1104797
1104913
1105061
1105193
1105309
1105441
1105571
1105627
1105757
1105879
1105999
1106167
1106249
1106401
1106489
1106621
1106761
1106839
1106957
1107083
1107217
1107409
1107511
1107619
1107787
1107881
1108007
1108127
1108241
1108363
1108477
1108567
1108691
1108739
1108823
1108999
1109167
1109287
1109399
1109513
1109653
1109813
1109897
1110023
1110181
1110313
1110433
1110541
1110679
1110817
1110929
1110997
1111081
1111211
1111339
1111447
1111559
1111687
1111793
1111963
1112081
1112147
1112323
1112389
1112543
1112623
1112731
1112833
1112971
1113089
1113197
1113349
1113491
1113643
1113787
1113899
1114031
1114207
1114301
1114471
1114573
1114693
1114807
1114909
1115027
1115189
1115299
1115417
1115531
1115599
1115731
1115843
1115993
1116187
1116317
1116449
1116569
1116677
1116859
1117009
1117079
1117247
1117349
1117481
1117603
1117729
1117813
1117931
1118011
1118123
1118267
1118419
1118567
1118737
1118837
1118921
1119047
1119227
1119389
1119577
1119691
1119817
1119949
1120121
1120277
1120363
1120507
1120573
1120667
1120771
1120849
1120961
1121051
1121191
1121317
1121423
1121599
1121723
1121933
1122071
1122157
1122283
1122437
1122587
1122721
1122899
1123093
1123247
1123361
1123483
1123567
1123669
1123777
1123909
1124027
1124141
1124269
1124423
1124561
1124681
1124803
1124969
1125097
1125193
1125323
1125419
1125557
1125679
1125823
1125931
1126093
1126283
1126397
1126513
1126627
1126751
1126847
1127011
1127149
1127239
1127333
1127443
1127557
1127663
1127813
1127969
1128109
1128247
1128371
1128503
1128599
1128691
1128763
1128899
1128979
1129127
1129229
1129399
1129501
1129619
1129747
1129853
1130011
1130123
1130287
1130413
1130561
1130651
1130783
1130939
1131049
1131139
1131269
1131379
1131479
1131643
1131751
1131857
1131943
1132091
1132291
1132429
1132519
1132627
1132721
1132877
1132987
1133071
1133191
1133317
1133479
1133591
1133681
1133837
1133933
1134047
1134163
1134283
1134443
1134557
1134673
1134811
1134929
1135061
1135133
1135247
1135367
1135513
1135699
1135837
1135913
1136053
1136129
1136287
1136389
1136557
1136633
1136749
1136897
1137001
1137163
1137271
1137439
1137569
1137733
1137859
1137937
1138091
1138237
1138427
1138559
1138679
1138771
1138901
1139003
1139147
1139287
1139407
1139521
1139681
1139807
1139911
1140103
1140203
1140341
1140439
1140571
1140709
1140871
1140983
1141067
1141171
1141277
1141379
1141523
1141649
1141837
1141967
1142069
1142233
1142333
1142483
1142599
1142777
1142881
1142971
1143073
1143217
1143341
1143487
1143643
1143803
1143953
1144103
1144223
1144327
1144439
1144529
1144667
1144823
1144919
1145057
1145173
1145299
1145381
1145533
1145693
1145801
1145983
1146133
1146329
1146461
1146569
1146727
1146797
1146877
1147009
1147117
1147229
1147301
1147427
1147561
1147639
1147819
1147981
1148111
1148293
1148453
1148599
1148713
1148839
1148971
1149059
1149209
1149349
1149487
1149581
1149679
1149857
1149971
1150073
1150187
1150309
1150423
1150579
1150687
1150769
1150873
1150987
1151113
1151221
1151333
1151431
1151581
1151659
1151779
1151981
1152079
1152181
1152367
1152523
1152653
1152773
1152917
1153027
1153153
1153237
1153343
1153463
1153589
1153729
1153853
1154039
1154183
1154297
1154401
1154539
1154639
1154819
1154947
1155071
1155211
1155373
1155461
1155613
1155701
1155859
1155943
1156019
1156109
1156261
1156367
1156457
1156613
1156721
1156823
1157011
1157111
1157213
1157327
1157413
1157579
1157701
1157791
1157929
1158077
1158217
1158323
1158457
1158541
1158629
1158757
1158863
1159007
1159127
1159241
1159393
1159523
1159661
1159843
1159973
1160111
1160219
1160317
1160447
1160543
1160689
1160867
1160987
1161077
1161203
1161313
1161439
1161509
1161619
1161761
1161871
1161997
1162099
1162277
1162417
1162529
1162589
1162691
1162793
1162907
1162991
1163083
1163167
1163263
1163431
1163551
1163651
1163719
1163849
1163989
1164101
1164253
1164433
1164557
1164629
1164803
1164937
1165049
1165139
1165217
1165363
1165529
1165727
1165831
1165921
1166027
1166141
1166323
1166453
1166563
1166663
1166801
1166927
1167059
1167211
1167317
1167449
1167599
1167701
1167811
1167889
1168031
1168231
1168337
1168451
1168619
1168757
1168847
1168957
1169029
1169191
1169341
1169419
1169587
1169683
1169801
1170007
1170107
1170193
1170329
1170487
1170583
1170683
1170787
1170941
1171069
1171201
1171319
1171477
1171601
1171771
1171867
1171991
1172069
1172261
1172407
1172497
1172657
1172777
1172903
1172993
1173163
1173283
1173439
1173581
1173749
1173881
1173983
1174099
1174247
1174339
1174477
1174583
1174709
1174793
1174919
1175071
1175219
1175387
1175483
1175623
1175723
1175819
1175953
1176041
1176173
1176353
1176433
1176589
1176701
1176811
1176947
1177087
1177181
1177291
1177481
1177571
1177697
1177769
1177933
1178059
1178161
1178231
1178369
1178521
1178633
1178717
1178851
1178963
1179127
1179253
1179323
1179419
1179553
1179677
1179853
1179961
1180027
1180117
1180243
1180381
1180507
1180643
1180733
1180853
1180931
1181023
1181153
1181269
1181437
1181549
1181681
1181773
1181927
1182043
1182281
1182383
1182451
1182581
1182703
1182817
1182953
1183093
1183181
1183277
1183411
1183561
1183723
1183799
1183943
1184047
1184129
1184291
1184377
1184471
1184551
1184749
1184893
1184993
1185127
1185313
1185389
1185551
1185647
1185707
1185851
1185953
1186067
1186181
1186351
1186519
1186693
1186811
1186973
1187111
1187239
1187341
1187419
1187551
1187689
1187801
1187887
1187999
1188071
1188227
1188293
1188457
1188587
1188689
1188851
1188991
1189109
1189213
1189339
1189483
1189627
1189717
1189831
1189933
1190071
1190261
1190429
1190513
1190671
1190789
1190899
1191013
1191107
1191209
1191347
1191529
1191613
1191731
1191833
1191991
1192127
1192201
1192337
1192427
1192579
1192753
1192879
1192967
1193119
1193237
1193363
1193497
1193609
1193729
1193833
1193939
1194041
1194211
1194343
1194463
1194601
1194733
1194847
1194959
1195067
1195189
1195361
1195501
1195673
1195751
1195897
1196033
1196191
1196309
1196431
1196537
1196707
1196843
1196939
1197059
1197187
1197269
1197359
1197479
1197649
1197827
1197953
1198069
1198189
1198297
1198411
1198523
1198669
1198853
1198991
1199117
1199309
1199423
1199507
1199617
1199699
1199833
1199929
1200109
1200307
1200377
1200499
1200673
1200809
1200929
1201021
1201111
1201229
1201381
1201531
1201687
1201829
1201969
1202063
1202191
1202303
1202437
1202549
1202741
1202827
1202959
1203127
1203229
1203361
1203509
1203661
1203779
1203887
1203949
1204117
1204243
1204409
1204519
1204669
1204813
1204969
1205119
1205287
1205467
1205557
1205669
1205767
1205947
1206059
1206181
1206307
1206407
1206553
1206691
1206767
1206941
1207093
1207211
1207313
1207417
1207529
1207727
1207933
1208033
1208177
1208297
1208423
1208651
1208777
1208863
1209053
1209163
1209269
1209379
1209539
1209647
1209779
1209889
1210037
1210151
1210259
1210403
1210499
1210639
1210801
1210883
1210999
1211141
1211281
1211411
1211543
1211647
1211723
1211807
1211923
1212061
1212221
1212331
1212439
1212611
1212709
1212817
1212917
1213021
1213109
1213241
1213379
1213547
1213633
1213757
1213879
1213951
1214117
1214219
1214371
1214459
1214593
1214671
1214819
1214957
1215079
1215197
1215329
1215437
1215553
1215649
1215827
1215923
1216109
1216337
1216421
1216547
1216681
1216793
1216879
1216997
1217077
1217147
1217269
1217399
1217483
1217663
1217771
1217917
1218017
1218199
1218281
1218449
1218571
1218709
1218829
1218953
1219123
1219297
1219411
1219507
1219651
1219747
1219831
1219879
1219961
1220147
1220333
1220489
1220669
1220777
1220897
1221019
1221119
1221247
1221427
1221527
1221631
1221767
1221917
1222057
1222229
1222373
1222513
1222633
1222729
1222831
1222967
1223083
1223207
1223329
1223471
1223591
1223749
1223897
1224031
1224133
1224239
1224337
1224481
1224703
1224859
1224953
1225073
1225123
1225283
1225397
1225559
1225657
1225769
1225907
1225999
1226111
1226263
1226353
1226503
1226623
1226711
1226807
1226959
1227133
1227277
1227407
1227559
1227713
1227881
1227979
1228133
1228243
1228351
1228459
1228571
1228691
1228861
1228951
1229093
1229209
1229309
1229381
1229521
1229663
1229827
1229981
1230127
1230263
1230367
1230469
1230599
1230751
1230913
1231051
1231171
1231261
1231337
1231453
1231553
1231687
1231781
1231873
1232003
1232221
1232353
1232453
1232611
1232797
1232909
1233073
1233187
1233361
1233473
1233577
1233653
1233887
1234039
1234187
1234349
1234511
1234627
1234777
1234853
1235027
1235149
1235251
1235369
1235473
1235651
1235803
1235909
1236073
1236239
1236439
1236541
1236667
1236761
1236883
1237043
1237151
1237253
1237387
1237499
1237571
1237763
1237877
1237993
1238119
1238267
1238383
1238491
1238647
1238749
1238833
1238989
1239109
1239247
1239361
1239461
1239569
1239697
1239839
1239961
1240039
1240193
1240307
1240483
1240621
1240739
1240831
1241003
1241161
1241269
1241389
1241483
1241579
1241761
1241921
1241987
1242119
1242221
1242379
1242517
1242739
1242827
1242947
1243111
1243271
1243387
1243483
1243631
1243747
1243859
1243961
1244041
1244153
1244279
1244423
1244521
1244627
1244759
1244863
1245001
1245137
1245353
1245527
1245649
1245767
1245877
1246013
1246181
1246261
1246351
1246429
1246501
1246589
1246711
1246879
1247017
1247167
1247297
1247417
1247527
1247621
1247761
1247879
1248007
1248101
1248217
1248341
1248449
1248563
1248697
1248847
1248977
1249057
1249151
1249301
1249403
1249511
1249657
1249747
1249849
1250009
1250141
1250243
1250437
1250519
1250653
1250783
1250929
1251053
1251179
1251329
1251533
1251697
1251827
1251919
1252049
1252151
1252247
1252411
1252523
1252717
1252843
1252963
1253071
1253251
1253401
1253587
1253723
1253849
1253963
1254053
1254151
1254257
1254377
1254527
1254619
1254731
1254833
1254997
1255109
1255181
1255279
1255367
1255549
1255663
1255801
1255931
1256029
1256231
1256389
1256573
1256687
1256797
1256887
1256989
1257073
1257209
1257293
1257437
1257547
1257689
1257853
1257973
1258099
1258181
1258297
1258417
1258483
1258637
1258717
1258837
1258967
1259053
1259129
1259287
1259477
1259593
1259689
1259821
1259983
1260131
1260277
1260383
1260509
1260641
1260751
1260851
1260979
1261133
1261279
1261373
1261549
1261717
1261823
1261933
1262081
1262207
1262311
1262479
1262587
1262711
1262839
1262927
1263079
1263181
1263299
1263377
1263511
1263631
1263793
1263931
1264027
1264199
1264331
1264541
1264651
1264787
1264877
1264981
1265087
1265179
1265333
1265461
1265557
1265653
1265827
1265911
1265993
1266101
1266241
1266323
1266413
1266527
1266677
1266779
1266899
1267043
1267157
1267303
1267459
1267579
1267723
1267859
1267951
1268077
1268213
1268341
1268461
1268621
1268747
1268807
1268963
1269077
1269193
1269287
1269413
1269563
1269731
1269901
1270013
1270123
1270249
1270343
1270483
1270567
1270657
1270849
1270961
1271087
1271183
1271299
1271399
1271513
1271659
1271797
1271927
1272049
1272157
1272253
1272361
1272539
1272647
1272851
1272919
1273033
1273157
1273301
1273409
1273499
1273639
1273739
1273891
1274017
1274137
1274297
1274411
1274617
1274759
1274921
1275107
1275269
1275401
1275553
1275667
1275779
1275877
1276001
1276103
1276193
1276357
1276511
1276631
1276747
1276889
1276999
1277093
1277249
1277387
1277557
1277699
1277813
1277911
1278107
1278209
1278371
1278463
1278611
1278709
1278811
1279001
1279111
1279189
1279321
1279493
1279601
1279687
1279813
1279919
1280107
1280179
1280317
1280473
1280633
1280761
1280863
1281041
1281157
1281263
1281407
1281523
1281673
1281779
1281871
1282007
1282109
1282231
1282363
1282471
1282571
1282657
1282781
1282913
1283021
1283137
1283323
1283473
1283573
1283731
1283879
1283983
1284187
1284313
1284433
1284553
1284691
1284823
1284937
1285061
1285169
1285267
1285411
1285517
1285679
1285789
1285871
1285993
1286119
1286261
1286381
1286521
1286633
1286711
1286837
1286981
1287109
1287217
1287361
1287487
1287593
1287731
1287817
1287947
1288013
1288109
1288247
1288393
1288541
1288649
1288783
1288871
1288967
1289077
1289231
1289363
1289513
1289621
1289747
1289851
1290013
1290151
1290259
1290431
1290539
1290637
1290823
1290983
1291117
1291219
1291349
1291471
1291603
1291819
1291963
1292089
1292219
1292329
1292477
1292587
1292659
1292801
1292957
1293119
1293239
1293323
1293473
1293583
1293763
1293899
1293979
1294087
1294231
1294361
1294483
1294639
1294759
1294987
1295081
1295207
1295309
1295389
1295551
1295681
1295809
1295953
1296059
1296187
1296341
1296481
1296583
1296689
1296829
1296983
1297091
1297193
1297279
1297393
1297477
1297601
1297687
1297853
1298047
1298161
1298317
1298491
1298653
1298809
1298951
1299059
1299203
1299299
1299379
1299541
1299689
1299827
