13
47
89
137
181
233
281
347
397
449
503
571
619
677
743
811
863
937
997
1051
1109
1187
1249
1303
1399
1453
1511
1579
1627
1709
1783
1867
1931
1999
2069
2131
2213
2281
2347
2399
2473
2557
2657
2699
2753
2833
2903
2971
3061
3163
3221
3307
3361
3457
3527
3581
3643
3719
3797
3877
3931
4019
4093
4159
4243
4327
4409
4483
4561
4643
4721
4793
4889
4957
5011
5099
5179
5273
5351
5431
5501
5569
5653
5717
5807
5861
5939
6047
6121
6203
6271
6337
6397
6521
6581
6679
6761
6829
6907
6977
7043
7151
7229
7321
7433
7507
7561
7639
7703
7793
7879
7951
8069
8147
8231
8293
8387
8467
8573
8647
8713
8783
8861
8951
9029
9127
9199
9281
9349
9431
9491
9601
9677
9749
9829
9901
10007
10093
10163
10253
10321
10427
10499
10601
10667
10753
10859
10939
11047
11117
11197
11287
11383
11471
11551
11677
11777
11831
11923
11981
12073
12157
12251
12329
12413
12491
12553
12637
12713
12809
12907
12973
13043
13147
13219
13313
13411
13487
13597
13687
13751
13831
13907
14009
14087
14207
14323
14411
14489
14561
14653
14737
14797
14879
14957
15077
15149
15241
15307
15377
15461
15559
15643
15731
15791
15887
15971
16067
16139
16231
16349
16433
16529
16631
16699
16823
16903
16987
17053
17167
17257
17351
17419
17491
17581
17681
17783
17881
17957
18043
18121
18199
18269
18353
18439
18521
18637
18743
18859
18973
19073
19181
19259
19379
19429
19483
19571
19697
19763
19861
19961
20023
20113
20177
20287
20359
20443
20549
20663
20749
20857
20939
21017
21107
21187
21283
21383
21487
21557
21611
21713
21799
21871
21991
22063
22129
22229
22303
22409
22511
22619
22697
22769
22861
22963
23039
23099
23201
23297
23399
23537
23599
23671
23761
23833
23911
24007
24083
24137
24239
24373
24469
24551
24683
24793
24889
24977
25087
25169
25253
25349
25447
25561
25633
25717
25801
25913
25997
26099
26177
26261
26347
26431
26539
26647
26713
26801
26881
26959
27061
27143
27271
27397
27481
27583
27697
27767
27823
27941
28019
28099
28211
28309
28429
28517
28591
28649
28723
28813
28909
29021
29129
29201
29297
29387
29453
29573
29669
29789
29879
30011
30103
30181
30269
30367
30491
30559
30677
30773
30853
30941
31051
31147
31219
31271
31379
31511
31583
31687
31771
31891
32027
32089
32189
32297
32359
32423
32507
32587
32693
32789
32887
32971
33049
33149
33223
33343
33413
33521
33589
33641
33757
33829
33931
34039
34159
34261
34327
34429
34511
34603
34687
34763
34877
34981
35089
35159
35281
35381
35461
35543
35677
35803
35897
35983
36067
36161
36269
36353
36473
36559
36643
36721
36793
36899
36973
37057
37181
37277
37363
37483
37547
37607
37699
37847
37957
38047
38177
38261
38329
38453
38593
38671
38737
38839
38923
39041
39119
39209
39301
39373
39499
39581
39703
39791
39863
39971
40063
40153
40241
40387
40493
40583
40699
40813
40879
40973
41077
41177
41231
41341
41443
41539
41617
41687
41809
41897
41969
42061
42169
42227
42331
42407
42467
42571
42683
42743
42839
42937
43019
43133
43261
43397
43487
43597
43669
43783
43913
43991
44071
44159
44257
44357
44491
44549
44647
44741
44839
44927
45013
45137
45259
45337
45433
45553
45659
45757
45841
45959
46073
46171
46271
46351
46471
46567
46649
46747
46829
46933
47087
47149
47287
47363
47459
47543
47639
47717
47809
47917
48017
48121
48239
48341
48449
48527
48619
48733
48809
48883
49009
49103
49177
49277
49369
49459
49547
49663
49747
49831
49937
50033
50111
50207
50311
50387
50513
50593
50741
50849
50951
51047
51157
51241
51347
51431
51503
51593
51679
51787
51869
51971
52067
52177
52259
52369
52511
52579
52697
52783
52889
52973
53087
53161
53267
53359
53453
53593
53653
53773
53861
53939
54049
54163
54293
54377
54449
54541
54623
54721
54833
54949
55051
55147
55243
55343
55469
55603
55667
55763
55829
55921
56009
56113
56209
56333
56437
56503
56597
56687
56779
56873
56941
57041
57131
57203
57287
57389
57527
57641
57719
57793
57899
58013
58099
58189
58243
58379
58451
58573
58687
58771
58913
59009
59077
59159
59239
59359
59441
59513
59627
59707
59797
59957
60077
60139
60257
60353
60493
60611
60679
60763
60889
60953
61091
61223
61339
61441
61519
61613
61681
61813
61933
62011
62119
62201
62311
62459
62539
62633
62743
62861
62969
63067
63179
63311
63377
63463
63541
63617
63697
63781
63857
64007
64109
64223
64327
64453
64591
64667
64793
64901
65011
65101
65173
65287
65393
65497
65579
65651
65719
65837
65929
66041
66137
66293
66383
66499
66587
66701
66797
66889
66977
67079
67181
67261
67391
67453
67537
67619
67751
67819
67931
67993
68113
68227
68389
68489
68581
68699
68777
68897
69001
69119
69203
69317
69427
69493
69677
69779
69877
70001
70099
70177
70241
70351
70457
70549
70639
70769
70877
70951
71023
71147
71249
71333
71399
71473
71569
71707
71809
71887
71983
72073
72167
72253
72353
72481
72613
72679
72767
72893
72959
73043
73181
73327
73421
73529
73609
73699
73823
73939
74047
74149
74209
74317
74413
74521
74609
74719
74821
74891
75013
75149
75223
75329
75403
75533
75617
75703
75787
75931
76001
76123
76243
76343
76463
76541
76651
76771
76871
76963
77081
77201
77269
77369
77479
77551
77621
77713
77797
77929
78031
78157
78233
78341
78487
78571
78691
78791
78887
78989
79139
79229
79319
79399
79537
79621
79697
79823
79901
79997
80141
80209
80287
80407
80527
80629
80701
80789
80909
81001
81049
81163
81281
81359
81509
81569
81677
81769
81899
81971
82039
82171
82237
82351
82471
82559
82633
82759
82847
82997
83089
83221
83299
83407
83477
83609
83717
83843
83939
84061
84179
84247
84377
84449
84523
84659
84751
84869
84991
85091
85199
85297
85411
85513
85607
85691
85819
85909
86069
86161
86249
86323
86399
86501
86599
86743
86857
86969
87083
87181
87281
87403
87509
87559
87643
87721
87833
87943
88019
88211
88327
88469
88607
88721
88807
88873
88997
89071
89153
89269
89387
89477
89563
89653
89767
89849
89959
90019
90107
90199
90289
90403
90523
90631
90731
90847
90971
91097
91159
91253
91373
91457
91573
91703
91811
91939
92009
92143
92227
92333
92387
92479
92593
92681
92761
92849
92941
93059
93139
93251
93323
93463
93529
93637
93809
93911
93983
94099
94207
94321
94421
94513
94583
94709
94811
94903
95009
95101
95203
95273
95393
95471
95569
95701
95783
95873
95959
96059
96199
96289
96419
96493
96601
96739
96821
96931
97007
97157
97259
97381
97499
97577
97687
97841
97919
98011
98143
98297
98387
98467
98563
98689
98801
98893
98953
99053
99137
99251
99371
99487
99577
99689
99787
99871
99989
100109
100213
100343
100417
100519
100621
100747
100853
100987
101107
101173
101279
101363
101477
101537
101653
101747
101863
101957
102031
102107
102203
102299
102409
102523
102607
102701
102859
102967
103087
103217
103357
103457
103573
103669
103811
103919
103997
104089
104179
104297
104393
104527
104623
104707
104779
104879
104987
105137
105251
105341
105407
105527
105619
105733
105883
105977
106109
106213
106297
106367
106451
106619
106681
106753
106861
106957
107069
107171
107273
107441
107599
107699
107791
107897
108007
108107
108193
108287
108401
108503
108631
108751
108863
108923
108991
109111
109199
109313
109397
109507
109589
109717
109831
109897
110023
110161
110281
110437
110533
110597
110711
110819
110921
110989
111119
111227
111337
111467
111577
111659
111779
111857
111959
112087
112181
112253
112337
112481
112589
112741
112859
112951
113039
113117
113167
113279
113381
113513
113657
113777
113899
113983
114077
114197
114281
114419
114571
114649
114749
114827
114967
115067
115163
115301
115361
115513
115603
115733
115783
115859
115931
116047
116167
116273
116387
116491
116639
116741
116849
116953
117041
117163
117251
117361
117497
117571
117701
117773
117851
117959
118051
118171
118273
118409
118529
118633
118739
118843
118927
119069
119159
119267
119389
119549
119633
119701
119809
119891
119993
120091
120199
120319
120427
120569
120671
120749
120847
120919
121007
121123
121259
121333
121421
121507
121591
121697
121867
121963
122039
122147
122231
122327
122449
122527
122651
122761
122867
122963
123083
123209
123323
123427
123503
123601
123707
123803
123923
124001
124147
124247
124339
124447
124543
124679
124769
124847
124987
125107
125201
125299
125399
125509
125639
125711
125803
125929
126023
126127
126229
126337
126461
126547
126683
126757
126913
127037
127163
127271
127363
127493
127601
127679
127739
127849
127973
128113
128213
128321
128399
128477
128591
128677
128819
128923
128987
129089
129197
129289
129419
129499
129587
129707
129803
129953
130057
130171
130261
130367
130457
130547
130643
130769
130859
131011
131129
131251
131363
131477
131581
131701
131777
131893
131969
132113
132241
132331
132437
132533
132637
132709
132833
132947
133039
133121
133253
133327
133439
133559
133673
133781
133919
134039
134129
134227
134333
134401
134581
134681
134807
134917
135019
135131
135241
135347
135431
135511
135607
135697
135787
135911
136043
136163
136261
136343
136417
136501
136573
136693
136777
136889
136991
137131
137209
137341
137413
137519
137639
137771
137873
137993
138101
138191
138311
138403
138497
138581
138679
138821
138917
139079
139199
139309
139393
139487
139597
139709
139813
139921
140009
140167
140249
140351
140443
140551
140639
140731
140831
140909
141067
141179
141263
141359
141497
141613
141677
141767
141853
141961
142061
142169
142271
142421
142547
142609
142759
142871
142973
143113
143257
143387
143489
143567
143669
143791
143879
144013
144163
144259
144379
144479
144583
144709
144791
144917
145021
145133
145267
145399
145477
145549
145679
145759
145879
145987
146059
146191
146297
146383
146519
146617
146743
146843
146953
147073
147179
147283
147353
147457
147571
147673
147773
147863
148061
148153
148249
148387
148483
148609
148711
148817
148921
149011
149087
149161
149269
149377
149459
149543
149689
149771
149893
149993
150089
150203
150299
150401
150517
150607
150767
150881
150961
151049
151169
151253
151379
151477
151553
151637
151717
151817
151909
152039
152147
152249
152389
152459
152597
152681
152809
152879
152981
153089
153269
153353
153443
153523
153641
153757
153913
154027
154097
154213
154313
154417
154571
154667
154753
154871
154981
155083
155201
155303
155399
155521
155609
155699
155777
155861
156041
156139
156259
156419
156539
156659
156727
156841
156979
157081
157189
157253
157321
157433
157559
157669
157799
157897
158009
158143
158261
158363
158507
158591
158699
158803
158941
159079
159191
159311
159421
159503
159617
159701
159787
159869
160009
160091
160207
160357
160453
160591
160663
160751
160841
160969
161059
161167
161309
161411
161531
161627
161743
161839
161957
162053
162229
162343
162473
162563
162671
162739
162839
162937
163027
163169
163259
163393
163483
163621
163729
163841
163927
164023
164147
164239
164341
164431
164569
164663
164789
164953
165059
165203
165317
165437
165527
165601
165709
165829
165947
166081
166219
166319
166417
166597
166657
166781
166853
166973
167047
167117
167221
167339
167441
167593
167677
167801
167911
168043
168193
168281
168449
168533
168673
168769
168901
169019
169129
169243
169339
169471
169583
169667
169777
169889
169957
170081
170197
170267
170363
170473
170579
170701
170777
170873
171007
171091
171233
171341
171473
171571
171673
171763
171869
172001
172097
172213
172307
172411
172517
172603
172681
172801
172883
173023
173149
173263
173359
173539
173651
173729
173827
173923
174047
174121
174257
174337
174467
174583
174673
174773
174907
175013
175141
175327
175447
175573
175691
175783
175897
175991
176063
176179
176261
176353
176431
176521
176599
176713
176807
176923
177013
177167
177283
177421
177511
177679
177811
177913
178021
178127
178247
178349
178447
178559
178621
178757
178853
178921
179033
179119
179243
179357
179441
179533
179623
179717
179819
179917
179989
180077
180239
180311
180413
180533
180647
180793
180959
181087
181213
181303
181459
181607
181721
181789
181919
182011
182101
182177
182297
182423
182509
182603
182687
182813
182921
183023
183151
183299
183373
183473
183527
183661
183797
183919
184013
184117
184231
184333
184477
184571
184669
184777
184903
185021
185099
185183
185309
185441
185539
185641
185723
185819
185903
185993
186097
186187
186271
186391
186569
186653
186743
186869
187009
187111
187177
187273
187379
187469
187597
187699
187861
187931
188107
188249
188323
188431
188533
188681
188767
188861
188953
189061
189223
189337
189407
189491
189593
189691
189799
189901
189989
190129
190283
190369
190537
190633
190717
190811
190909
191047
191143
191281
191449
191509
191599
191699
191803
191929
192043
192149
192251
192343
192463
192581
192637
192781
192877
192971
193051
193181
193327
193423
193513
193607
193751
193841
193937
194027
194119
194267
194443
194581
194687
194809
194891
195023
195103
195197
195311
195407
195511
195691
195761
195887
195973
196073
196177
196291
196453
196549
196663
196769
196879
197009
197117
197233
197299
197383
197539
197641
197741
197837
197957
198047
198179
198277
198391
198469
198593
198689
198827
198929
198997
199151
199289
199403
199489
199621
199729
199811
199921
200023
200159
200257
200363
200467
200609
200771
200881
200987
201107
201209
201337
201473
201577
201667
201769
201829
201923
202021
202121
202277
202381
202519
202637
202747
202859
202967
203051
203221
203321
203387
203531
203653
203773
203897
203989
204101
204233
204359
204439
204557
204667
204793
204917
205033
205133
205223
205357
205441
205529
205627
205763
205937
206009
206081
206203
206279
206383
206477
206597
206779
206887
206953
207079
207199
207307
207409
207497
207563
207671
207797
207931
208003
208121
208223
208319
208433
208501
208609
208721
208877
208991
209123
209221
209311
209381
209497
209581
209701
209809
209917
209987
210109
210187
210263
210361
210481
210601
210731
210839
210929
211063
211187
211247
211349
211493
211597
211693
211801
211891
212029
212161
212281
212437
212561
212671
212843
212917
213043
213149
213247
213337
213461
213589
213713
213833
213947
214021
214129
214219
214373
214469
214559
214663
214763
214849
214987
215153
215273
215381
215471
215587
215737
215851
215953
216103
216179
216329
216451
216577
216703
216787
216901
217003
217157
217241
217339
217411
217519
217667
217747
217907
218047
218131
218249
218417
218509
218599
218681
218797
218887
218993
219083
219217
219353
219451
219547
219649
219749
219823
219917
219979
220141
220279
220369
220471
220579
220709
220811
220901
221047
221159
221233
221393
221477
221587
221707
221797
221941
222023
222113
222199
222337
222437
222587
222713
222839
222941
223019
223129
223243
223313
223423
223529
223667
223781
223919
224041
224149
224239
224327
224461
224579
224683
224797
224911
225037
225143
225227
225343
225457
225529
225637
225767
225871
225983
226103
226201
226357
226453
226571
226663
226789
226903
227081
227167
227257
227393
227473
227567
227629
227729
227947
228077
228199
228301
228409
228479
228581
228677
228793
228881
228959
229123
229199
229267
229403
229519
229601
229703
229769
229847
229979
230089
230203
230291
230369
230471
230597
230743
230833
230941
231041
231223
231323
231431
231529
231607
231719
231859
231961
232081
232189
232367
232457
232591
232699
232819
232907
233083
233201
233323
233417
233557
233683
233837
233939
234083
234181
234259
234341
234473
234587
234713
234799
234893
234979
235069
235199
235337
235493
235591
235723
235849
235967
236087
236219
236339
236471
236573
236707
236783
236897
237043
237151
237257
237343
237547
237689
237781
237911
238009
238103
238201
238291
238373
238481
238639
238727
238841
238939
239069
239201
239297
239423
239531
239623
239737
239851
239963
240049
240151
240271
240379
240517
240641
240743
240869
240967
241069
241207
241313
241393
241513
241601
241691
241811
241903
241979
242101
242227
242371
242453
242551
242659
242779
242887
243073
243157
243259
243421
243517
243589
243703
243839
243953
244091
244199
244301
244381
244463
244567
244667
244753
244861
244997
245129
245257
245383
245477
245587
245681
245771
245899
246011
246151
246241
246343
246497
246599
246689
246787
246899
246947
247087
247249
247369
247463
247601
247693
247781
247889
247999
248089
248179
248293
248401
248509
248609
248719
248813
248887
249037
249133
249253
249383
249463
249563
249703
249827
249923
250027
250109
250279
250441
250673
250741
250829
250951
251057
251149
251219
251297
251431
251513
251611
251737
251861
251947
252079
252181
252293
252409
252533
252667
252779
252893
252983
253153
253343
253427
253531
253613
253717
253801
253907
253999
254083
254213
254377
254491
254663
254777
254873
254963
255049
255133
255209
255349
255469
255571
255659
255767
255887
255977
256093
256187
256337
256471
256577
256687
256831
256967
257107
257239
257321
257437
257519
257687
257797
257903
258023
258127
258241
258337
258443
258551
258631
258721
258827
258971
259121
259201
259339
259453
259583
259667
259781
259907
260009
260171
260263
260413
260527
260609
260747
260861
260969
261059
261223
261337
261439
261577
261643
261773
261959
262069
262147
262261
262369
262501
262597
262697
262807
262949
263083
263191
263273
263401
263513
263597
263729
263849
263933
264031
264133
264269
264359
264529
264637
264763
264839
264959
265079
265163
265271
265403
265511
265607
265739
265841
265961
266053
266129
266269
266369
266489
266647
266711
266863
266947
267037
267193
267277
267391
267469
267541
267613
267677
267763
267863
267941
268091
268237
268439
268531
268693
268781
268843
268969
269041
269177
269237
269377
269441
269573
269701
269791
269953
270073
270191
270287
270379
270509
270587
270689
270797
270931
271027
271163
271261
271367
271499
271619
271753
271853
271967
272059
272201
272287
272359
272449
272567
272719
272863
272971
273059
273149
273281
273433
273601
273719
273857
273967
274081
274171
274259
274403
274529
274693
274787
274861
274961
275083
275183
275321
275423
275521
275599
275719
275881
275963
276041
276151
276251
276359
276467
276587
276707
276823
276917
277021
277169
277261
277411
277547
277639
277751
277883
278017
278123
278227
278353
278491
278581
278671
278801
278879
279001
279127
279221
279413
279541
279613
279709
279857
279991
280099
280219
280321
280463
280561
280639
280751
280871
280939
281053
281189
281279
281363
281539
281623
281717
281797
281887
281989
282091
282229
282313
282427
282577
282691
282809
282911
283009
283121
283211
283447
283571
283639
283793
283873
284041
284131
284231
284341
284447
284539
284651
284731
284803
284897
285031
285139
285281
285433
285533
285629
285709
285823
285979
286063
286289
286421
286493
286591
286703
286789
286987
287107
287191
287281
287387
287557
287701
287851
287977
288137
288247
288361
288481
288577
288697
288833
288947
289031
289111
289189
289291
289397
289511
289643
289763
289871
289999
290057
290189
290347
290441
290531
290623
290707
290837
290971
291077
291173
291293
291377
291509
291649
291751
291877
292021
292133
292249
292367
292483
292577
292703
292801
292921
293087
293177
293269
293441
293603
293701
293827
293989
294067
294181
294277
294347
294467
294641
294761
294829
294949
295039
295187
295283
295417
295553
295727
295843
295903
296011
296129
296249
296363
296503
296581
296693
296771
296909
296987
297113
297257
297403
297509
297623
297757
297881
297989
298093
298211
298327
298427
298601
298691
298801
298943
299063
299191
299329
299417
299521
299671
299749
299903
300007
300149
300239
300343
300481
300583
300673
300757
300857
300967
301073
301183
301319
301423
301501
301643
301751
301867
301949
302123
302227
302399
302551
302609
302767
302857
302969
303019
303139
303287
303367
303469
303553
303647
303731
303871
304009
304081
304211
304349
304433
304517
304631
304751
304847
304933
305023
305119
305267
305377
305471
305563
305663
305783
305917
306041
306167
306263
306389
306479
306577
306707
306829
306913
307031
307147
307259
307339
307471
307589
307691
307859
308017
308129
308291
308359
308501
308573
308713
308851
308951
309059
309157
309271
309371
309481
309577
309707
309823
309977
310091
310229
310357
310459
310559
310697
310781
310883
311009
311153
311291
311371
311539
311659
311747
311881
312031
312121
312233
312313
312407
312553
312643
312743
312887
312979
313127
313219
313321
313409
313567
313639
313739
313883
313969
314059
314161
314257
314359
314497
314599
314719
314827
314983
315097
315247
315377
315467
315559
315671
315779
315899
316033
316139
316241
316343
316469
316577
316691
316783
316879
316991
317087
317227
317333
317437
317563
317663
317743
317839
317969
318107
318209
318289
318377
318503
318641
318737
318823
318917
319057
319147
319279
319387
319469
319567
319681
319763
319901
320009
320083
320179
320291
320401
320533
320657
320767
320899
321031
321163
321247
321341
321443
321577
321707
321817
321911
322037
322109
322243
322351
322501
322583
322669
322807
322939
323053
323149
323339
323419
323549
323647
323797
323927
324073
324161
324293
324403
324473
324589
324689
324791
324893
324991
325063
325189
325307
325439
325537
325667
325747
325849
325943
326083
326149
326309
326479
326581
326663
326779
326939
327011
327179
327289
327401
327473
327557
327661
327779
327853
327967
328067
328213
328331
328421
328589
328687
328829
328921
329083
329201
329293
329393
329533
329629
329717
329863
329969
330053
330167
330271
330383
330509
330643
330721
330839
330943
331099
331213
331307
331399
331537
331609
331753
331883
331967
332081
332191
332287
332447
332561
332699
332837
332951
333049
333187
333287
333397
333491
333589
333713
333793
333959
334069
334189
334333
334427
334547
334667
334759
334889
335009
335089
335173
335323
335453
335567
335681
335809
335917
336079
336163
336251
336403
336529
336613
336703
336803
336901
337021
337153
337279
337361
337489
337609
337697
337853
337907
338033
338183
338267
338339
338423
338563
338687
338791
338959
339107
339211
339331
339527
339637
339749
339839
340027
340103
340211
340369
340453
340583
340687
340801
340909
340979
341087
341233
341323
341461
341587
341681
341813
341947
342049
342143
342241
342347
342451
342569
342691
342833
342949
343087
343219
343309
343393
343543
343627
343769
343831
343963
344153
344213
344269
344371
344567
344681
344801
344893
344987
345109
345259
345451
345547
345643
345731
345811
345923
346079
346169
346303
346391
346441
346559
346657
346793
346939
347059
347161
347233
347341
347519
347621
347759
347887
347981
348043
348209
348287
348421
348487
348617
348757
348883
348991
349109
349211
349369
349411
349529
349697
349813
349907
349967
350107
350249
350423
350521
350657
350741
350851
350971
351047
351151
351287
351361
351469
351599
351733
351829
351931
352069
352193
352301
352381
352463
352579
352711
352831
352939
353057
353161
353321
353443
353557
353657
353777
353879
354001
354073
354181
354307
354377
354463
354619
354727
354833
354961
355031
355099
355297
355417
355513
355591
355721
355841
355939
356113
356219
356351
356501
356621
356803
356933
357047
357169
357271
357377
357551
357613
357683
357781
357883
358069
358201
358289
358417
358499
358613
358723
358829
358907
359003
359137
359243
359327
359449
359563
359701
359837
360023
360169
360271
360391
360541
360769
360853
360973
361091
361223
361349
361441
361523
361651
361787
361901
361979
362093
362203
362309
362381
362473
362693
362801
362951
363043
363161
363277
363373
363481
363563
363683
363799
363911
364027
364171
364289
364379
364471
364601
364699
364853
364943
365063
365173
365293
365413
365489
365569
365689
365809
365983
366103
366193
366277
366383
366467
366607
366727
366859
366953
367027
367163
367259
367369
367531
367621
367721
367823
367909
368089
368171
368287
368443
368539
368653
368791
368939
369077
369191
369301
369487
369661
369821
369917
370009
370121
370217
370423
370493
370609
370693
370879
371069
371177
371257
371341
371471
371617
371779
371897
371999
372121
372263
372353
372451
372611
372707
372797
372871
372979
373151
373211
373339
373453
373567
373717
373861
373987
374083
374173
374299
374441
374587
374687
374783
374887
374987
375083
375149
375247
375359
375451
375553
375647
375773
375923
376009
376133
376283
376463
376547
376633
376757
376823
376927
377059
377183
377327
377459
377557
377653
377779
377887
378071
378167
378277
378439
378551
378661
378761
378893
378997
379097
379189
379333
379439
379549
379667
379751
379877
379993
380131
380231
380327
380447
380591
380729
380867
380971
381071
381223
381343
381419
381527
381637
381757
381917
382021
382171
382331
382463
382579
382663
382769
382871
383011
383099
383219
383347
383489
383609
383683
383797
383909
384001
384113
384227
384301
384437
384547
384673
384773
384907
385039
385139
385261
385379
385493
385589
385663
385831
385939
386051
386153
386263
386369
386437
386587
386689
386839
386989
387089
387199
387329
387493
387631
387743
387911
388051
388159
388237
388363
388483
388651
388757
388879
388963
389083
389171
389297
389447
389539
389651
389761
389891
389957
390083
390161
390289
390389
390463
390553
390727
390821
390959
391049
391159
391273
391379
391487
391639
391751
391873
391967
392099
392177
392263
392339
392467
392569
392723
392827
392923
393013
393103
393191
393301
393413
393551
393629
393713
393853
393947
394063
394201
394327
394481
394579
394717
394811
394931
395027
395119
395231
395321
395453
395597
395719
395887
396029
396119
396247
396353
396479
396581
396679
396883
396983
397093
397223
397337
397459
397549
397697
397799
397939
398039
398129
398261
398347
398459
398549
398669
398813
398921
399059
399149
399241
399391
399493
399587
399691
399787
399937
400051
400187
400277
400391
400559
400679
400823
400943
401069
401201
401321
401417
401587
401711
401867
401981
402071
402221
402329
402403
402541
402631
402769
402869
403037
403133
403261
403369
403547
403649
403757
403877
403993
404113
404213
404321
404429
404527
404713
404851
405011
405143
405247
405347
405491
405599
405689
405781
405893
405997
406169
406309
406403
406531
406631
406739
406907
407119
407219
407299
407383
407521
407639
407741
407843
407959
408071
408203
408271
408403
408491
408637
408719
408841
408971
409069
409237
409337
409441
409543
409693
409781
409889
409967
410117
410233
410339
410413
410519
410659
410759
410903
411031
411127
411251
411379
411503
411611
411707
411799
411937
412033
412123
412201
412303
412481
412603
412717
412901
413033
413113
413207
413411
413537
413683
413783
413911
414053
414157
414269
414367
414461
414577
414683
414763
414857
414959
415073
415159
415273
415469
415567
415661
415759
415879
415979
416147
416249
416393
416459
416543
416693
416873
417019
417161
417239
417371
417491
417581
417719
417793
417931
418009
418109
418219
418339
418427
418601
418721
418811
418883
418987
419141
419249
419383
419473
419563
419651
419791
419927
420041
420221
420317
420383
420499
420613
420769
420857
421009
421121
421207
421361
421469
421621
421703
421807
421997
422089
422203
422309
422407
422563
422707
422827
422899
423043
423121
423233
423307
423439
423541
423667
423779
423883
424003
424117
424199
424313
424451
424573
424693
424817
424891
425027
425147
425279
425377
425473
425603
425791
425869
425989
426131
426287
426407
426563
426707
426773
426893
427001
427103
427247
427369
427439
427541
427723
427859
427957
428033
428149
428251
428411
428551
428657
428777
428873
429101
429211
429283
429413
429503
429587
429679
429797
429899
429953
430061
430267
430393
430517
430663
430751
430841
430909
431021
431141
431251
431363
431449
431611
431729
431833
431911
432031
432137
432227
432337
432433
432527
432631
432749
432893
433003
433099
433229
433309
433399
433513
433661
433759
433877
434011
434141
434249
434353
434437
434563
434699
434821
434909
434977
435131
435221
435317
435427
435559
435637
435733
435857
435949
436087
436217
436313
436477
436571
436693
436819
436967
437083
437191
437293
437467
437539
437681
437819
437953
438131
438253
438377
438499
438601
438707
438847
438953
439081
439217
439367
439471
439583
439697
439787
439891
440009
440171
440261
440371
440497
440567
440681
440807
440939
441041
441121
441247
441361
441523
441619
441787
441887
442009
442121
442201
442319
442457
442571
442699
442781
442861
442991
443077
443167
443249
443363
443453
443567
443701
443791
443899
444001
444121
444209
444343
444463
444547
444649
444803
444883
444979
445097
445261
445427
445541
445649
445789
445891
446053
446191
446293
446401
446549
446717
446863
446969
447107
447217
447323
447451
447571
447743
447829
447961
448073
448177
448313
448421
448633
448793
448873
448999
449129
449209
449303
449411
449557
449663
449767
449921
450001
450103
450217
450299
450391
450487
450599
450719
450811
450887
450991
451103
451277
451361
451523
451657
451723
451837
451933
452033
452191
452297
452519
452597
452759
452873
453073
453197
453293
453379
453599
453671
453823
453931
454033
454183
454277
454387
454541
454673
454799
454919
455011
455167
455263
455353
455461
455537
455659
455783
455921
456007
456119
456293
456439
456539
456613
456727
456871
456991
457091
457201
457307
457399
457517
457651
457757
457903
458047
458189
458327
458477
458593
458683
458819
458947
459007
459113
459257
459353
459467
459619
459749
459913
460073
460157
460289
460403
460571
460673
460813
460919
460991
461119
461257
461333
461443
461603
461707
461917
462067
462181
462331
462437
462547
462643
462727
462881
463003
463213
463297
463399
463511
463633
463747
463849
463949
464047
464143
464263
464381
464483
464603
464749
464813
464927
465007
465079
465169
465293
465407
465581
465721
465833
465977
466073
466183
466321
466451
466579
466729
466859
467009
467141
467261
467417
467497
467591
467669
467749
467881
467977
468079
468173
468289
468451
468557
468647
468719
468841
468913
469099
469229
469331
469439
469589
469717
469811
469939
470081
470179
470263
470389
470461
470551
470651
470779
470887
470993
471137
471241
471353
471487
471593
471677
471791
471907
472027
472133
472253
472349
472477
472639
472741
472859
473009
473167
473279
473381
473479
473549
473723
473861
473951
474043
474143
474289
474389
474499
474583
474737
474847
474941
475091
475207
475301
475403
475511
475637
475721
475807
475897
475997
476087
476219
476351
476467
476599
476701
476831
476929
477047
477229
477361
477523
477623
477769
477857
477991
478129
478241
478351
478441
478571
478679
478769
478861
478943
479081
479221
479317
479441
479561
479749
479833
479951
480047
480133
480317
480391
480503
480569
480749
480911
481001
481093
481171
481301
481417
481571
481681
481801
481879
482033
482179
482281
482399
482507
482621
482707
482773
482897
483061
483211
483317
483409
483541
483649
483761
483853
483991
484117
484207
484361
484459
484609
484751
484951
485081
485201
485383
485509
485657
485819
485959
486071
486193
486323
486397
486511
486637
486697
486821
486949
487057
487187
487313
487429
487507
487657
487757
487843
487997
488143
488227
488309
488381
488503
488633
488723
488827
488959
489101
489197
489337
489439
489553
489679
489803
489901
490001
490117
490241
490339
490493
490573
490663
490849
490951
491059
491201
491327
491417
491527
491633
491737
491851
491983
492067
492281
492413
492551
492647
492761
492893
493043
493133
493217
493313
493447
493579
493711
493813
493937
494051
494147
494281
494383
494521
494621
494713
494783
494927
495067
495161
495301
495377
495461
495587
495667
495773
495877
495973
496123
496283
496381
496487
496669
496813
496901
497041
497141
497279
497389
497501
497587
497701
497813
497957
498061
498181
498361
498467
498577
498689
498787
498931
499033
499139
499229
499361
499483
499601
499673
499747
499903
500041
500167
500239
500363
500471
500587
500723
500861
500933
501031
501139
501223
501343
501493
501637
501779
501911
502039
502133
502277
502451
502591
502699
502819
502961
503137
503249
503369
503453
503609
503743
503827
503947
504047
504157
504299
504379
504527
504661
504799
504901
504991
505091
505181
505301
505399
505501
505613
505693
505819
505961
506131
506269
506357
506491
506591
506689
506809
506911
507071
507149
507317
507421
507571
507691
507803
507919
508033
508171
508273
508393
508517
508621
508799
508913
508987
509137
509287
509413
509549
509633
509723
509837
509947
510067
510157
510253
510383
510551
510619
510793
510931
511057
511169
511243
511361
511463
511573
511691
511831
511939
512059
512269
512443
512569
512641
512747
512849
512977
513053
513157
513283
513371
513481
513673
513749
513881
514009
514093
514219
514313
514433
514561
514681
514783
514867
515087
515231
515369
515539
515653
515761
515857
515969
516151
516223
516319
516421
516517
516617
516709
516839
516949
517067
517177
517249
517373
517469
517547
517613
517739
517919
518047
518131
518233
518341
518471
518611
518743
518809
518981
519091
519217
519307
519427
519539
519647
519787
519917
520019
520123
520307
520379
520451
520621
520721
520867
520981
521107
521201
521329
521429
521533
521657
521753
521861
521981
522079
522211
522289
522413
522541
522677
522761
522871
522989
523169
523349
523463
523571
523667
523771
523907
524057
524149
524243
524353
524507
524681
524827
524933
524981
525127
525209
525359
525433
525533
525671
525769
525893
525983
526087
526213
526307
526441
526571
526651
526739
526853
526957
527081
527203
527333
527419
527581
527701
527843
527981
528091
528197
528329
528469
528629
528719
528863
528973
529051
529181
529301
529411
529547
529681
529807
529939
530021
530143
530251
530339
530501
530597
530701
530797
530897
531043
531169
531287
531457
531589
531701
531847
531983
532093
532199
532327
532421
532531
532633
532751
532849
532999
533089
533219
533317
533447
533633
533747
533887
533989
534049
534173
534307
534431
534581
534659
534839
534943
535103
535219
535351
535511
535627
535741
535861
535991
536099
536213
536287
536423
536491
536621
536729
536803
536923
537007
537091
537221
537347
537569
537703
537793
537919
538093
538163
538301
538411
538523
538649
538763
538841
539003
539113
539233
539321
539479
539633
539723
539849
540061
540173
540271
540377
540511
540611
540703
540823
541001
541141
541267
541369
541511
541577
541699
541799
541967
542063
542131
542219
542371
542519
542599
542761
542891
542987
543139
543223
543299
543383
543553
543671
543791
543871
543971
544099
544199
544403
544543
544717
544807
544903
545033
545143
545291
545477
545579
545711
545827
545933
546053
546151
546263
546367
546569
546661
546781
546943
547087
547229
547357
547441
547529
547627
547747
547849
548003
548143
548263
548399
548501
548591
548719
548833
548909
549023
549161
549257
549403
549517
549623
549713
549833
549977
550111
550189
550337
550469
550607
550679
550801
550909
551003
551107
551233
551381
551519
551651
551729
551843
551959
552059
552193
552317
552481
552589
552749
552841
552983
553093
553181
553309
553457
553549
553643
553747
553873
553991
554123
554233
554377
554527
554641
554753
554833
554923
555053
555167
555301
555439
555637
555743
555931
556051
556211
556279
556399
556537
556627
556723
556799
556867
556987
557069
557273
557377
557533
557663
557759
557863
558029
558149
558253
558427
558521
558611
558769
558881
559001
559157
559243
559369
559523
559591
559687
559813
559913
560047
560137
560221
560297
560447
560531
560653
560767
560873
560977
561097
561229
561373
561551
561761
561923
562019
562193
562301
562399
562493
562607
562691
562763
562909
562997
563081
563197
563377
563489
563623
563821
563933
564059
564173
564271
564371
564457
564617
564713
564917
564997
565163
565259
565343
565441
565519
565603
565771
565909
566047
566173
566311
566437
566551
566677
566759
566939
567031
567179
567367
567467
567607
567719
567841
567943
568033
568163
568237
568387
568523
568669
568807
568921
569047
569137
569237
569369
569507
569623
569731
569831
569903
570043
570109
570221
570403
570491
570553
570667
570781
570887
571001
571133
571231
571381
571541
571679
571783
571867
572023
572093
572239
572333
572461
572573
572651
572749
572843
572941
573109
573263
573379
573487
573571
573757
573851
573953
574081
574183
574309
574477
574619
574703
574813
574967
575119
575213
575317
575473
575581
575689
575791
575921
576019
576151
576223
576379
576493
576581
576683
576749
576943
577067
577169
577327
577427
577529
577627
577799
577901
578021
578167
578299
578401
578497
578597
578701
578821
578957
579083
579251
579353
579499
579569
579643
579763
579883
580001
580183
580303
580409
580561
580687
580763
580889
580997
581137
581227
581333
581429
581551
581683
581773
581891
582013
582157
582227
582419
582541
582689
582767
582887
583007
583147
583237
583351
583459
583543
583669
583789
583909
584053
584203
584377
584473
584609
584713
584849
584951
585037
585113
585271
585391
585547
585643
585743
585853
585913
586057
586147
586309
586433
586543
586631
586787
586871
586961
587057
587143
587269
587413
587513
587599
587687
587773
587897
587999
588097
588199
588359
588481
588619
588733
588871
588953
589139
589231
589349
589493
589609
589763
589873
590033
590137
590267
590377
590543
590657
590797
590923
591067
591163
591317
591443
591599
591709
591841
591973
592121
592237
592351
592453
592561
592649
592759
592897
593003
593119
593213
593297
593429
593513
593629
593777
593951
594103
594193
594299
594403
594521
594637
594749
594889
594977
595081
595157
595261
595339
595481
595613
595801
595949
596027
596119
596251
596363
596537
596633
596749
596857
596941
597073
597253
597367
597451
597581
597673
597781
597899
598057
598163
598333
598447
598613
598711
598841
598963
599023
599213
599341
599419
599561
599681
599783
599933
600053
600217
600293
600371
600469
600631
600751
600883
600979
601079
601219
601309
601423
601591
601751
601831
601961
602083
602179
602279
602377
602489
602621
602717
602831
602951
603077
603203
603389
603521
603613
603749
603847
603913
604001
604189
604313
604411
604559
604661
604781
604861
604997
605117
605237
605347
605497
605597
605707
605873
605977
606059
606181
606323
606497
606589
606733
606847
606967
607063
607147
607249
607337
607493
607669
607813
607921
608011
608131
608297
608383
608471
608609
608737
608851
608947
609071
609179
609277
609379
609487
609593
609683
609809
609929
610157
610271
610417
610543
610651
610741
610837
610919
611057
611147
611323
611459
611561
611729
611873
611957
612043
612133
612229
612349
612497
612649
612791
612869
613007
613163
613231
613357
613451
613559
613661
613807
613903
614063
614167
614297
614483
614611
614687
614759
614909
615053
615229
615341
615431
615521
615677
615761
615869
616003
616129
616211
616313
616411
616513
616639
616757
616843
616961
617059
617161
617273
617369
617473
617651
617719
617809
617959
618083
618257
618347
618463
618589
618719
618883
619009
619117
619253
619363
619561
619669
619771
619867
620003
620171
620261
620377
620467
620579
620693
620821
620933
621031
621217
621337
621431
621611
621701
621821
621941
622073
622159
622301
622423
622549
622637
622781
622943
623041
623263
623341
623431
623621
623699
623803
623929
624031
624139
624241
624331
624479
624593
624709
624797
624961
625087
625187
625307
625477
625609
625697
625861
625979
626147
626251
626389
626597
626663
626749
626887
627017
627119
627251
627377
627511
627643
627773
627911
628037
628171
628261
628391
628547
628699
628799
628921
629023
629203
629371
629483
629609
629711
629807
629903
630017
630163
630281
630467
630583
630701
630827
630919
631133
631229
631357
631459
631537
631643
631751
631861
631979
632087
632209
632299
632371
632501
632629
632747
632897
633001
633161
633287
633407
633497
633649
633793
633931
634031
634169
634247
634331
634493
634577
634687
634793
634901
635021
635203
635293
635363
635471
635603
635731
635867
635969
636061
636211
636301
636409
636553
636719
636809
636931
637073
637201
637319
637421
637519
637627
637727
637831
638047
638161
638317
638459
638629
638801
638971
639083
639211
639329
639491
639589
639689
639833
639949
640043
640151
640249
640369
640531
640667
640793
640919
641051
641143
641287
641437
641521
641701
641819
641891
642013
642151
642241
642419
642557
642739
642869
642953
643051
643187
643369
643469
643619
643697
643873
643969
644101
644159
644291
644383
644513
644599
644717
644801
644909
645019
645097
645329
645433
645527
645641
645737
645857
645979
646147
646237
646309
646453
646609
646771
646883
646981
647081
647201
647333
647429
647551
647651
647747
647851
647987
648079
648199
648289
648383
648617
648709
648871
648971
649081
649217
649361
649471
649559
649643
649769
649829
649921
650081
650269
650401
650549
650669
650851
650953
651097
651191
651281
651437
651587
651727
651821
651901
652079
652229
652321
652411
652541
652607
652727
652831
652931
653033
653203
653339
653507
653621
653711
653819
653941
654023
654161
654229
654371
654527
654611
654739
654821
654943
655043
655219
655289
655399
655541
655643
655757
655927
656119
656267
656333
656471
656603
656707
656819
656977
657079
657197
657323
657469
657557
657661
657841
657983
658123
658219
658321
658433
658579
658649
658831
658919
659023
659171
659299
659453
659563
659653
659759
659881
660001
660097
660199
660329
660409
660559
660643
660769
660853
660973
661097
661189
661327
661477
661607
661769
661897
662003
662141
662267
662357
662513
662639
662743
662867
662957
663097
663239
663349
663539
663587
663709
663853
663967
664043
664133
664271
664403
664537
664613
664687
664793
664967
665053
665153
665251
665369
665507
665617
665761
665897
666019
666109
666229
666431
666529
666649
666749
666871
667013
667141
667309
667421
667519
667643
667741
667859
667991
668093
668221
668513
668599
668713
668821
668947
669089
669181
669329
669433
669607
669679
669847
669923
670037
670177
670261
670379
670507
670613
670729
670867
670991
671093
671233
671339
671467
671591
671729
671887
671947
672059
672143
672229
672341
672521
672667
672803
672901
673019
673117
673241
673349
673441
673529
673637
673787
673943
674083
674189
674321
674461
674669
674731
674827
674929
675079
675163
675253
675407
675541
675611
675797
675881
676007
676099
676241
676363
676469
676679
676771
676919
676987
677107
677231
677371
677531
677647
677783
677959
678133
678221
678371
678463
678577
678647
678757
678833
678959
679111
679219
679333
679423
679537
679691
679793
679883
679961
680077
680189
680297
680399
680503
680611
680767
680881
681011
681113
681253
681367
681481
681589
681719
681833
681971
682063
682219
682307
682421
682519
682697
682789
683021
683149
683317
683437
683503
683687
683759
683843
683923
684091
684217
684337
684443
684569
684713
684793
684949
685051
685123
685297
685393
685513
685631
685739
685907
686011
686099
686201
686353
686479
686669
686789
686897
687007
687083
687163
687317
687413
687499
687623
687737
687839
687977
688097
688223
688379
688453
688627
688729
688813
688969
689081
689219
689317
689431
689587
689713
689827
689903
689987
690143
690323
690439
690553
690719
690871
691051
691153
691289
691399
691573
691687
691759
691871
691949
692063
692191
692299
692399
692467
692621
692729
692863
692983
693127
693283
693403
693527
693659
693731
693827
693967
694087
694261
694349
694427
694541
694633
694789
694951
695047
695131
695281
695371
695491
695603
695701
695839
695939
696107
696271
696373
696497
696617
696737
696833
696961
697069
697157
697303
697409
697513
697637
697729
697897
697999
698171
698293
698413
698521
698653
698827
699001
699119
699217
699323
699443
699539
699697
699817
700001
700109
700237
700361
700459
700591
700717
700849
700949
701117
701257
701383
701473
701579
701669
701783
701963
702127
702211
702329
702413
702517
702607
702731
702847
702983
703127
703231
703331
703463
703643
703721
703873
703991
704087
704183
704281
704419
704527
704617
704747
704819
704929
705017
705127
705209
705403
705521
705751
705833
705967
706049
706157
706267
706369
706507
706633
706751
706841
706961
707099
707197
707359
707527
707669
707753
707857
707951
708023
708119
708223
708343
708473
708569
708703
708899
708991
709151
709273
709409
709519
709649
709739
709843
709921
710027
710221
710341
710449
710531
710623
710791
710887
710971
711049
711181
711329
711497
711589
711709
711817
711923
712021
712171
712319
712433
712531
712681
712819
712913
713039
713171
713261
713353
713477
713599
713753
713891
714029
714163
714349
714509
714601
714781
714869
714949
715087
715193
715303
715439
715567
715657
715801
715877
715963
716117
716279
716413
716501
716633
716741
716861
716981
717113
717259
717413
717529
717653
717803
717923
718093
718259
718379
718457
718603
718741
718897
719011
719149
719227
719377
719557
719671
719749
719839
719989
720127
720229
720311
720413
720607
720703
720847
720943
721037
721129
721207
721291
721381
721561
721663
721843
721979
722077
722173
722311
722389
722521
722663
722807
722963
723067
723133
723227
723337
723439
723553
723661
723823
723913
724001
724123
724303
724453
724531
724621
724733
724837
724967
725111
725209
725357
725449
725603
725749
725897
726007
726109
726221
726377
726487
726611
726697
726839
726953
727061
727189
727273
727409
727541
727691
727777
727879
728027
728207
728333
728489
728627
728723
728837
728899
728971
729143
729271
729389
729511
729601
729689
729821
729943
730069
730253
730421
730567
730663
730783
730867
730993
731141
731243
731333
731503
731611
731729
731827
731921
732073
732187
732257
732373
732521
732703
732827
732943
733099
733177
733307
733393
733517
733697
733829
733921
734017
734171
734267
734411
734497
734659
734759
734879
734971
735107
735187
735307
735391
735473
735653
735751
735901
736013
736097
736249
736369
736447
736691
736843
736951
737053
737159
737287
737413
737531
737629
737747
737857
737981
738109
738247
738379
738487
738623
738791
738889
739003
739103
739199
739307
739391
739507
739621
739759
739859
740011
740141
740279
740387
740527
740653
740737
740939
741053
741131
741283
741431
741541
741677
741809
741913
742057
742199
742277
742393
742537
742663
742759
742943
743059
743159
743251
743363
743579
743731
743849
743987
744137
744283
744407
744559
744701
744817
744949
745067
745231
745357
745531
745673
745751
745933
746033
746153
746227
746353
746497
746653
746773
746873
746981
747157
747287
747421
747521
747619
747781
747869
747991
748169
748273
748387
748523
748637
748729
748829
748933
749081
749171
749279
749401
749471
749711
749809
749927
750083
750161
750311
750473
750641
750721
750829
750983
751123
751193
751297
751363
751523
751633
751739
751841
751943
752083
752189
752287
752431
752527
752683
752809
752903
753023
753187
753367
753463
753611
753691
753799
753941
754057
754123
754223
754333
754421
754573
754711
754861
754967
755057
755171
755309
755393
755509
755627
755771
755899
756097
756199
756319
756463
756607
756709
756869
757039
757201
757319
757417
757543
757693
757807
757943
758083
758201
758279
758411
758521
758671
758743
758867
758971
759103
759223
759371
759491
759581
759659
759757
759923
760063
760163
760261
760373
760499
760579
760729
760871
760961
761113
761207
761347
761407
761483
761597
761711
761861
761983
762061
762253
762389
762539
762653
762809
762913
763027
763141
763271
763409
763513
763613
763751
763859
763937
764041
764149
764293
764431
764587
764689
764849
764971
765047
765143
765229
765319
765461
765581
765727
765851
765931
766067
766177
766273
766373
766477
766583
766757
766867
766957
767101
767279
767359
767521
767617
767749
767857
768029
768139
768221
768347
768419
768563
768653
768811
768941
769057
769169
769297
769429
769553
769663
769789
769961
770047
770129
770239
770401
770533
770611
770767
770867
770981
771073
771217
771349
771461
771569
771653
771809
771941
772073
772181
772339
772441
772573
772691
772853
772963
773063
773209
773341
773473
773579
773693
773831
773933
774023
774133
774229
774377
774551
774667
774791
774863
775043
775153
775273
775441
775601
775711
775823
775963
776117
776201
776327
776483
776569
776753
776879
777001
777137
777199
777317
777431
777571
777677
777817
777919
778079
778163
778307
778403
778529
778643
778727
778847
778951
779069
779221
779351
779531
779609
779731
779837
779981
780119
780233
780383
780523
780671
780803
780877
780991
781111
781217
781321
781409
781513
781619
781771
781889
781997
782087
782183
782297
782429
782581
782711
782911
783019
783143
783259
783373
783533
783647
783721
783787
783953
784117
784229
784349
784447
784541
784649
784799
784939
785101
785203
785299
785357
785501
785597
785737
785857
786001
786109
786241
786371
786551
786691
786823
786937
787051
787153
787309
787439
787529
787649
787777
787883
788023
788107
788231
788357
788419
788537
788677
788849
788933
789029
789133
789323
789443
789577
789683
789823
789967
790063
790201
790331
790429
790547
790651
790781
790883
791003
791111
791251
791363
791489
791629
791801
791909
792031
792109
792241
792307
792461
792563
792647
792731
792907
793043
793187
793333
793489
793591
793699
793787
793927
794011
794111
794179
794327
794471
794551
794659
794879
795001
795103
795217
795337
795503
795643
795709
795799
795937
796063
796181
796307
796409
796553
796673
796777
796867
796967
797051
797171
797353
797507
797579
797689
797833
797957
798089
798179
798263
798409
798527
798691
798781
798943
799103
799301
799417
799523
799633
799741
799859
799999
800117
800213
800329
800447
800537
800623
800707
800801
800959
801037
801187
801337
801461
801571
801707
801841
802019
802133
802231
802421
802573
802661
802783
802913
803057
803227
803347
803449
803587
803687
803857
803977
804077
804191
804317
804449
804571
804689
804803
804901
805019
805097
805213
805297
805397
805507
805633
805789
805877
806017
806111
806257
806369
806503
806657
806807
806951
807097
807203
807371
807473
807559
807731
807871
807997
808169
808307
808391
808523
808637
808747
808919
809051
809177
809269
809383
809461
809587
809747
809827
809929
810071
810209
810343
810401
810493
810581
810757
810893
810989
811157
811253
811387
811519
811649
811753
811879
811997
812137
812249
812351
812443
812587
812689
812849
813023
813121
813227
813343
813493
813601
813767
813893
814013
814081
814211
814367
814477
814601
814741
814841
814939
815123
815257
815389
815491
815599
815687
815869
815989
816121
816209
816341
816499
816649
816769
816859
816941
817073
817153
817291
817409
817567
817721
817823
817907
818021
818189
818309
818393
818579
818717
818947
819031
819167
819271
819391
819463
819563
819659
819773
819899
820051
820177
820271
820361
820481
820627
820723
820873
820991
821081
821167
821329
821467
821603
821759
821857
821993
822113
822221
822313
822389
822553
822631
822727
822821
822907
823051
823219
823337
823457
823573
823679
823747
823841
823993
824099
824231
824413
824513
824669
824773
824899
824983
825073
825203
825301
825403
825527
825637
825739
825883
825997
826097
826271
826363
826493
826607
826699
826807
826927
827039
827213
827347
827473
827633
827767
827851
827941
828059
828169
828379
828547
828677
828787
828881
828977
829121
829229
829453
829561
829693
829811
829883
830051
830191
830327
830411
830503
830597
830743
830873
830989
831109
831253
831407
831539
831619
831697
831781
831889
832063
832151
832309
832399
832493
832627
832703
832787
832919
833009
833177
833293
833449
833557
833711
833821
833927
834107
834221
834341
834523
834629
834773
834893
835001
835139
835319
835441
835559
835673
835817
835927
835997
836153
836239
836369
836501
836663
836749
836863
837017
837113
837293
837413
837533
837677
837833
837979
838093
838193
838391
838463
838589
838687
838807
838927
839009
839207
839353
839471
839599
839669
839831
839921
840067
840187
840299
840467
840601
840733
840841
840967
841069
841193
841273
841369
841549
841691
841873
841987
842087
842173
842311
842393
842477
842581
842747
842869
842981
843127
843253
843371
843473
843589
843737
843833
844013
844127
844201
844351
844457
844517
844631
844769
844903
845041
845183
845287
845387
845599
845749
845881
845983
846149
846271
846397
846493
846673
846823
846931
847009
847103
847201
847309
847477
847577
847687
847817
847967
848119
848227
848387
848489
848611
848713
848807
848921
849047
849143
849253
849419
849581
849721
849833
849967
850049
850177
850261
850373
850453
850637
850823
850973
851093
851203
851297
851393
851519
851639
851761
851863
852031
852167
852259
852409
852569
852671
852799
852881
853007
853133
853291
853477
853637
853739
853837
853969
854083
854159
854333
854423
854569
854713
854897
854993
855131
855269
855373
855467
855641
855727
855857
855983
856099
856187
856333
856421
856547
856697
856789
856901
857009
857083
857249
857347
857471
857629
857723
857851
857959
858101
858233
858307
858467
858631
858763
858883
858997
859093
859267
859381
859553
859633
859783
859891
860009
860089
860297
860369
860479
860593
860747
860843
860939
861037
861131
861299
861491
861589
861719
861829
861929
862031
862157
862231
862307
862417
862501
862627
862777
862913
863003
863153
863323
863537
863693
863803
863899
864029
864107
864203
864307
864427
864551
864673
864803
864953
865057
865177
865261
865357
865499
865639
865747
865819
865937
866053
866161
866311
866471
866641
866743
866869
867001
867121
867233
867337
867443
867553
867641
867773
867887
868051
868157
868277
868381
868493
868613
868771
868867
868951
869059
869203
869303
869419
869543
869683
869807
869909
870047
870151
870241
870391
870491
870613
870743
870871
870967
871103
871259
871463
871613
871727
871901
872023
872129
872203
872317
872411
872533
872623
872749
872953
873091
873251
873403
873497
873619
873721
873913
874087
874193
874303
874409
874567
874681
874771
874873
875027
875201
875269
875363
875477
875591
875681
875761
875923
876017
876107
876203
876329
876479
876611
876731
876823
876971
877117
877267
877361
877469
877621
877837
877909
878041
878153
878239
878411
878551
878651
878749
878851
878987
879103
879227
879331
879457
879617
879689
879799
879941
880031
880133
880259
880367
880531
880661
880727
880853
880951
881071
881173
881311
881411
881527
881669
881849
881987
882083
882239
882367
882481
882599
882727
882881
882979
883117
883237
883339
883433
883579
883699
883807
883979
884111
884231
884321
884441
884579
884743
884899
885041
885161
885257
885389
885503
885623
885793
885889
885967
886043
886189
886337
886433
886537
886643
886793
886967
887057
887171
887311
887449
887573
887659
887749
887911
888047
888157
888271
888397
888479
888653
888761
888869
888983
889069
889247
889349
889453
889639
889769
889907
890011
890129
890291
890441
890609
890761
890863
890963
891067
891223
891377
891487
891563
891647
891767
891859
891983
892093
892219
892351
892481
892603
892747
892861
893003
893107
893213
893341
893429
893591
893723
893881
894011
894139
894211
894287
894419
894541
894667
894791
894973
895087
895231
895313
895421
895571
895669
895771
895861
895987
896123
896299
896443
896537
896647
896803
896963
897077
897223
897317
897461
897557
897647
897779
897907
898067
898171
898243
898361
898481
898607
898727
898867
899009
899177
899273
899467
899659
899761
899891
900019
900149
900259
900409
900563
900649
900751
900869
901007
901133
901213
901367
901457
901567
901739
901891
901997
902119
902281
902401
902521
902653
902767
902903
903029
903179
903337
903443
903563
903701
903871
904027
904117
904219
904399
904523
904637
904721
904801
904903
905053
905147
905227
905381
905551
905659
905761
905917
906023
906187
906293
906383
906487
906613
906713
906817
906929
907073
907199
907279
907393
907481
907637
907723
907831
907967
908081
908213
908363
908489
908549
908653
908771
908861
908959
909071
909203
909299
909379
909521
909631
909761
909859
909971
910099
910199
910361
910523
910643
910787
910957
911087
911171
911269
911359
911507
911671
911773
911873
911959
912089
912239
912397
912481
912559
912799
912871
912991
913151
913327
913447
913637
913811
913999
914191
914321
914429
914521
914611
914777
914857
914971
915071
915203
915311
915527
915613
915731
915881
916031
916121
916213
916339
916463
916571
916733
916879
917003
917113
917219
917327
917471
917611
917713
917789
917887
918041
918149
918259
918361
918481
918641
918763
918877
918989
919109
919229
919349
919447
919631
919781
919903
920011
920167
920273
920393
920477
920653
920761
920869
921001
921133
921223
921373
921499
921637
921749
921887
922021
922079
922237
922331
922463
922561
922667
922807
923017
923137
923227
923369
923453
923561
923653
923809
923939
924019
924097
924269
924397
924499
924641
924727
924809
924929
925063
925121
925237
925369
925487
925597
925697
925849
925979
926099
926183
926351
926461
926567
926671
926803
926957
927077
927191
927361
927529
927649
927769
927863
928079
928163
928307
928429
928561
928661
928813
928927
929057
929141
929261
929393
929507
929623
929737
929843
929977
930101
930199
930323
930491
930617
930749
930863
931013
931169
931303
931487
931597
931747
931859
931943
932081
932203
932317
932441
932549
932647
932783
932923
933001
933173
933293
933407
933563
933707
933839
933949
934049
934127
934277
934429
934523
934607
934753
934861
934943
935063
935189
935353
935447
935591
935689
935813
935999
936161
936259
936401
936511
936647
936737
936889
937003
937147
937253
937463
937591
937679
937801
937901
938023
938089
938243
938347
938459
938611
938807
938939
939011
939167
939299
939413
939581
939713
939823
939971
940073
940223
940319
940469
940549
940721
940813
940921
941027
941159
941263
941407
941491
941593
941683
941813
941971
942043
942167
942301
942437
942577
942709
942847
942917
943057
943157
943289
943373
943511
943651
943777
943849
944017
944149
944297
944429
944527
944621
944729
944887
945031
945211
945367
945473
945629
945739
945881
945949
946091
946207
946369
946489
946663
946753
946873
946987
947171
947351
947413
947561
947707
947783
947911
948041
948149
948287
948407
948533
948713
948877
948989
949121
949243
949423
949517
949633
949733
949891
949973
950071
950221
950333
950461
950531
950681
950783
950879
951019
951091
951259
951367
951479
951623
951781
951911
952057
952151
952253
952381
952541
952667
952771
952877
952979
953093
953243
953431
953521
953651
953791
953941
954067
954203
954277
954409
954539
954697
954847
954929
955061
955183
955277
955391
955501
955697
955807
955919
955993
956147
956311
956401
956633
956831
956951
957059
957161
957289
957419
957587
957709
957851
957977
958063
958259
958351
958459
958547
958673
958819
958921
959093
959209
959333
959461
959579
959719
959863
959941
960059
960191
960331
960497
960601
960709
960889
961003
961097
961157
961277
961447
961547
961643
961733
961813
961937
962033
962177
962341
962471
962587
962677
962791
962911
963047
963191
963301
963397
963581
963691
963779
963871
964021
964199
964283
964363
964517
964637
964783
964889
964981
965131
965201
965357
965453
965603
965749
965857
966013
966197
966293
966377
966481
966613
966751
966907
967003
967229
967349
967459
967607
967751
967847
967961
968089
968173
968291
968389
968503
968647
968801
968911
969049
969179
969341
969433
969533
969677
969791
969907
970043
970147
970261
970423
970549
970687
970813
970903
970997
971077
971177
971291
971401
971513
971653
971783
971921
972017
972121
972227
972337
972431
972581
972683
972847
972991
973073
973253
973373
973523
973669
973801
973957
974123
974189
974329
974437
974537
974653
974773
974873
974971
975071
975199
975323
975439
975581
975701
975847
975967
976103
976231
976369
976483
976601
976721
976909
977057
977203
977351
977447
977611
977791
977923
978041
978113
978223
978343
978457
978599
978713
978851
978973
979103
979207
979327
979423
979549
979787
979921
980107
980219
980393
980491
980621
980731
980897
981017
981133
981241
981373
981467
981587
981703
981823
981979
982099
982211
982339
982493
982633
982777
982867
983063
983153
983261
983377
983491
983597
983789
983881
984037
984167
984329
984397
984491
984617
984761
984917
985057
985181
985331
985451
985531
985667
985783
985937
986023
986147
986257
986417
986533
986617
986737
986849
986963
987061
987191
987313
987491
987607
987809
987979
988067
988213
988313
988453
988577
988681
988829
988951
989119
989293
989381
989533
989663
989783
989887
989977
990137
990277
990331
990463
990559
990719
990881
990973
991069
991187
991343
991483
991603
991703
991867
991943
992011
992153
992281
992429
992561
992707
992861
992963
993107
993233
993341
993479
993647
993821
993913
994039
994181
994271
994363
994489
994621
994723
994853
994949
995117
995273
995377
995513
995593
995713
995887
995989
996143
996211
996329
996511
996629
996781
996883
997019
997099
997153
997279
997379
997547
997649
997751
997889
998009
998117
998243
998399
998527
998651
998759
998897
998983
999091
999233
999377
999529
999653
999773
999959
1000099
1000193
1000291
1000403
1000541
1000651
1000777
1000919
1001023
1001123
1001267
1001353
1001459
1001569
1001687
1001821
1001981
1002091
1002227
1002343
1002451
1002523
1002653
1002769
1002857
1002931
1003091
1003201
1003351
1003433
1003609
1003733
1003819
1003943
1004089
1004233
1004371
1004501
1004659
1004749
1004977
1005071
1005187
1005287
1005391
1005493
1005619
1005751
1005937
1006087
1006171
1006249
1006333
1006441
1006547
1006711
1006853
1006949
1007081
1007179
1007339
1007459
1007599
1007719
1007789
1007887
1008001
1008157
1008239
1008373
1008451
1008571
1008719
1008851
1008923
1009049
1009189
1009289
1009369
1009487
1009609
1009741
1009873
1009997
1010167
1010353
1010467
1010617
1010749
1010833
1010957
1011071
1011191
1011289
1011407
1011589
1011697
1011817
1011973
1012093
1012201
1012289
1012421
1012507
1012597
1012691
1012771
1012967
1013063
1013263
1013429
1013563
1013681
1013773
1013879
1014029
1014149
1014259
1014359
1014493
1014641
1014763
1014887
1015043
1015123
1015309
1015433
1015507
1015603
1015747
1015877
1016009
1016089
1016203
1016357
1016489
1016611
1016773
1016891
1017007
1017131
1017277
1017347
1017449
1017613
1017719
1017851
1018007
1018201
1018309
1018471
1018643
1018729
1018817
1018949
1019059
1019197
1019297
1019413
1019509
1019657
1019729
1019839
1020001
1020077
1020223
1020353
1020451
1020599
1020751
1020847
1020967
1021043
1021129
1021261
1021331
1021429
1021577
1021747
1021849
1022011
1022129
1022237
1022383
1022503
1022629
1022729
1022881
1023019
1023133
1023257
1023317
1023419
1023571
1023733
1023941
1024061
1024183
1024327
1024427
1024579
1024703
1024853
1024951
1025047
1025149
1025261
1025351
1025477
1025579
1025707
1025839
1025939
1026101
1026227
1026359
1026449
1026583
1026733
1026853
1026947
1027097
1027207
1027331
1027483
1027597
1027739
1027841
1028017
1028101
1028201
1028309
1028471
1028597
1028749
1028893
1029001
1029157
1029277
1029361
1029487
1029577
1029697
1029841
1029967
1030049
1030181
1030349
1030451
1030637
1030759
1030847
1030987
1031137
1031299
1031431
1031531
1031669
1031761
1031999
1032191
1032319
1032407
1032511
1032643
1032739
1032847
1032961
1033069
1033271
1033343
1033427
1033507
1033661
1033777
1033867
1034071
1034197
1034281
1034387
1034513
1034651
1034791
1034867
1034993
1035187
1035301
1035409
1035499
1035613
1035761
1035953
1036069
1036183
1036271
1036351
1036499
1036649
1036759
1036877
1036993
1037137
1037303
1037441
1037563
1037683
1037831
1037957
1038047
1038203
1038307
1038449
1038589
1038671
1038803
1038953
1039069
1039229
1039351
1039513
1039657
1039823
1039979
1040089
1040167
1040339
1040449
1040597
1040749
1040821
1040929
1041083
1041163
1041269
1041349
1041517
1041619
1041779
1041869
1042001
1042109
1042241
1042357
1042487
1042609
1042733
1042897
1043047
1043177
1043293
1043467
1043587
1043683
1043773
1043897
1044023
1044161
1044247
1044353
1044451
1044587
1044737
1044811
1044931
1045061
1045157
1045277
1045409
1045529
1045633
1045763
1045963
1046077
1046207
1046371
1046519
1046657
1046797
1046933
1047061
1047139
1047281
1047367
1047499
1047649
1047721
1047859
1047979
1048051
1048217
1048367
1048559
1048633
1048793
1048891
1049051
1049131
1049219
1049413
1049509
1049611
1049717
1049843
1049953
1050079
1050233
1050337
1050457
1050713
1050811
1050961
1051069
1051181
1051373
1051499
1051607
1051717
1051847
1051961
1052099
1052231
1052327
1052479
1052573
1052747
1052881
1053029
1053179
1053293
1053449
1053539
1053691
1053769
1053971
1054061
1054201
1054309
1054393
1054523
1054639
1054769
1054931
1055083
1055233
1055363
1055471
1055603
1055771
1055881
1055969
1056073
1056203
1056317
1056443
1056563
1056659
1056823
1056949
1057087
1057223
1057387
1057531
1057633
1057753
1057919
1058027
1058149
1058263
1058383
1058507
1058653
1058731
1058807
1058999
1059077
1059209
1059299
1059439
1059599
1059713
1059847
1060009
1060123
1060237
1060351
1060427
1060529
1060721
1060883
1061069
1061171
1061311
1061441
1061591
1061689
1061779
1061903
1062031
1062263
1062409
1062563
1062707
1062871
1062977
1063067
1063189
1063319
1063457
1063547
1063649
1063771
1063873
1063963
1064069
1064197
1064321
1064431
1064549
1064699
1064867
1064957
1065047
1065173
1065319
1065503
1065629
1065763
1065847
1065973
1066139
1066279
1066367
1066517
1066643
1066777
1066909
1067023
1067159
1067327
1067441
1067551
1067653
1067761
1067879
1068019
1068149
1068257
1068371
1068481
1068619
1068719
1068857
1068989
1069127
1069219
1069379
1069501
1069577
1069687
1069819
1069949
1070039
1070197
1070287
1070369
1070491
1070567
1070761
1070899
1071053
1071181
1071269
1071377
1071479
1071601
1071743
1071871
1071991
1072187
1072363
1072447
1072633
1072823
1072919
1072997
1073131
1073221
1073353
1073491
1073599
1073729
1073879
1074023
1074113
1074287
1074389
1074533
1074683
1074763
1074907
1074989
1075091
1075171
1075289
1075429
1075507
1075643
1075699
1075807
1076011
1076107
1076191
1076329
1076447
1076557
1076707
1076827
1076953
1077143
1077299
1077421
1077599
1077721
1077823
1077943
1078043
1078169
1078369
1078489
1078691
1078807
1078927
1079021
1079101
1079233
1079357
1079471
1079609
1079711
1079831
1079933
1080043
1080119
1080259
1080341
1080451
1080559
1080749
1080811
1080907
1081037
1081133
1081247
1081361
1081541
1081709
1081777
1081901
1082027
1082149
1082233
1082383
1082531
1082629
1082743
1082989
1083079
1083211
1083317
1083431
1083559
1083713
1083839
1083941
1084079
1084219
1084357
1084471
1084613
1084711
1084823
1084981
1085101
1085179
1085369
1085509
1085677
1085801
1085891
1086089
1086179
1086263
1086361
1086493
1086611
1086749
1086893
1087001
1087159
1087349
1087453
1087589
1087717
1087811
1087907
1088039
1088161
1088309
1088443
1088543
1088641
1088753
1088903
1089017
1089191
1089359
1089469
1089629
1089793
1089961
1090127
1090217
1090387
1090483
1090681
1090783
1090889
1090963
1091047
1091159
1091257
1091359
1091443
1091561
1091663
1091807
1091957
1092089
1092191
1092331
1092397
1092541
1092713
1092851
1092929
1093063
1093163
1093283
1093399
1093531
1093639
1093733
1093843
1093957
1094057
1094143
1094321
1094441
1094543
1094633
1094747
1094843
1094963
1095071
1095229
1095349
1095481
1095581
1095733
1095833
1095959
1096099
1096267
1096393
1096499
1096621
1096787
1096871
1097009
1097113
1097237
1097381
1097513
1097651
1097783
1097891
1098017
1098151
1098287
1098439
1098533
1098689
1098833
1099079
1099181
1099313
1099421
1099513
1099621
1099727
1099817
1099961
1100089
1100171
1100303
1100441
1100543
1100683
1100837
1100933
1101143
1101307
1101407
1101511
1101613
1101733
1101851
1101959
1102117
1102237
1102313
1102447
1102567
1102709
1102831
1102921
1103017
1103129
1103279
1103449
1103561
1103629
1103803
1103933
1104107
1104209
1104331
1104431
1104589
1104707
1104781
1104877
1105009
1105163
1105261
1105387
1105537
1105609
1105691
1105847
1105961
1106129
1106219
1106317
1106449
1106563
1106689
1106821
1106927
1107047
1107173
1107383
1107487
1107581
1107763
1107823
1107937
1108091
1108207
1108337
1108453
1108543
1108619
1108727
1108801
1108967
1109123
1109249
1109363
1109489
1109611
1109783
1109881
1110007
1110127
1110289
1110401
1110523
1110617
1110773
1110913
1110973
1111049
1111181
1111289
1111423
1111543
1111661
1111757
1111921
1112047
1112131
1112269
1112369
1112509
1112591
1112707
1112821
1112941
1113043
1113181
1113317
1113451
1113587
1113751
1113877
1113991
1114117
1114273
1114423
1114541
1114657
1114753
1114873
1114987
1115113
1115269
1115381
1115497
1115573
1115701
1115789
1115929
1116133
1116281
1116419
1116523
1116641
1116821
1116943
1117057
1117177
1117307
1117463
1117579
1117679
1117793
1117889
1117993
1118081
1118203
1118363
1118519
1118713
1118807
1118869
1118993
1119169
1119323
1119527
1119653
1119793
1119907
1120081
1120219
1120321
1120481
1120543
1120649
1120739
1120811
1120919
1121027
1121173
1121261
1121383
1121539
1121693
1121839
1122029
1122133
1122263
1122419
1122533
1122679
1122841
1123051
1123217
1123327
1123429
1123541
1123637
1123739
1123883
1123973
1124113
1124239
1124353
1124509
1124647
1124759
1124869
1125017
1125151
1125259
1125391
1125499
1125629
1125793
1125911
1126033
1126247
1126361
1126459
1126577
1126693
1126831
1126973
1127101
1127209
1127309
1127393
1127527
1127629
1127801
1127911
1128089
1128223
1128301
1128451
1128557
1128643
1128731
1128821
1128947
1129103
1129211
1129343
1129477
1129571
1129717
1129831
1129957
1130081
1130267
1130359
1130497
1130629
1130737
1130827
1130981
1131121
1131239
1131341
1131451
1131569
1131727
1131827
1131917
1132009
1132223
1132403
1132499
1132597
1132673
1132811
1132949
1133039
1133177
1133263
1133459
1133537
1133653
1133809
1133897
1134031
1134143
1134241
1134403
1134503
1134619
1134769
1134883
1135009
1135103
1135229
1135333
1135451
1135643
1135777
1135879
1135997
1136111
1136227
1136357
1136461
1136617
1136717
1136833
1136981
1137137
1137233
1137403
1137547
1137673
1137809
1137889
1138019
1138171
1138393
1138483
1138649
1138741
1138853
1138987
1139123
1139263
1139353
1139491
1139587
1139771
1139863
1139993
1140157
1140289
1140413
1140539
1140679
1140851
1140959
1141033
1141109
1141253
1141321
1141453
1141597
1141769
1141909
1142039
1142171
1142287
1142423
1142569
1142737
1142837
1142941
1143061
1143161
1143281
1143469
1143589
1143749
1143893
1144037
1144183
1144279
1144393
1144511
1144621
1144739
1144901
1144993
1145129
1145269
1145359
1145479
1145623
1145773
1145897
1146083
1146281
1146413
1146533
1146703
1146787
1146841
1146953
1147073
1147189
1147271
1147409
1147499
1147613
1147739
1147921
1148087
1148261
1148377
1148549
1148681
1148761
1148941
1149017
1149167
1149283
1149427
1149539
1149637
1149779
1149917
1150031
1150151
1150243
1150411
1150537
1150657
1150741
1150861
1150949
1151069
1151179
1151303
1151401
1151519
1151639
1151737
1151911
1152037
1152157
1152317
1152493
1152637
1152757
1152881
1153001
1153109
1153211
1153277
1153441
1153553
1153681
1153799
1154017
1154159
1154243
1154353
1154509
1154581
1154753
1154897
1155019
1155151
1155293
1155437
1155601
1155659
1155829
1155923
1155997
1156079
1156229
1156327
1156429
1156553
1156699
1156801
1156949
1157069
1157201
1157263
1157369
1157531
1157669
1157759
1157869
1158011
1158187
1158301
1158407
1158523
1158611
1158713
1158827
1158977
1159079
1159201
1159337
1159463
1159601
1159789
1159909
1160041
1160179
1160297
1160413
1160503
1160639
1160813
1160953
1161037
1161143
1161263
1161401
1161493
1161581
1161703
1161841
1161947
1162079
1162243
1162361
1162493
1162571
1162663
1162753
1162879
1162961
1163069
1163143
1163233
1163353
1163507
1163627
1163711
1163821
1163969
1164071
1164203
1164413
1164511
1164607
1164749
1164859
1164997
1165103
1165201
1165349
1165453
1165691
1165799
1165903
1165991
1166101
1166237
1166411
1166531
1166609
1166741
1166857
1167011
1167167
1167289
1167409
1167571
1167667
1167773
1167847
1167973
1168169
1168301
1168399
1168523
1168711
1168829
1168927
1169017
1169171
1169293
1169401
1169513
1169647
1169761
1169929
1170061
1170139
1170277
1170443
1170553
1170661
1170751
1170857
1171039
1171133
1171259
1171447
1171561
1171699
1171823
1171969
1172029
1172207
1172377
1172461
1172543
1172687
1172833
1172957
1173121
1173239
1173401
1173541
1173631
1173829
1173959
1174079
1174213
1174319
1174451
1174531
1174673
1174769
1174891
1175021
1175149
1175351
1175437
1175579
1175687
1175803
1175899
1176023
1176127
1176277
1176403
1176533
1176647
1176787
1176911
1177037
1177157
1177243
1177447
1177541
1177651
1177741
1177901
1178033
1178131
1178207
1178297
1178461
1178609
1178701
1178809
1178939
1179019
1179203
1179293
1179389
1179527
1179637
1179797
1179907
1180009
1180093
1180219
1180351
1180447
1180591
1180721
1180819
1180901
1180987
1181099
1181237
1181329
1181507
1181617
1181759
1181897
1182019
1182211
1182343
1182437
1182521
1182689
1182781
1182917
1183033
1183157
1183261
1183393
1183531
1183687
1183769
1183913
1183997
1184093
1184219
1184357
1184453
1184537
1184683
1184839
1184957
1185103
1185287
1185367
1185497
1185623
1185689
1185817
1185907
1186051
1186127
1186321
1186441
1186631
1186769
1186931
1187051
1187201
1187317
1187387
1187507
1187639
1187741
1187863
1187947
1188041
1188179
1188277
1188389
1188557
1188661
1188787
1188947
1189061
1189171
1189313
1189469
1189607
1189673
1189801
1189901
1190041
1190201
1190359
1190491
1190633
1190743
1190851
1190953
1191089
1191187
1191301
1191457
1191577
1191703
1191793
1191947
1192097
1192183
1192267
1192409
1192559
1192699
1192837
1192927
1193057
1193183
1193303
1193459
1193567
1193701
1193771
1193887
1194019
1194163
1194311
1194439
1194553
1194707
1194799
1194901
1195031
1195153
1195247
1195477
1195573
1195721
1195837
1195991
1196123
1196269
1196399
1196513
1196633
1196809
1196891
1197029
1197121
1197239
1197347
1197451
1197617
1197767
1197929
1198049
1198151
1198261
1198397
1198481
1198643
1198811
1198949
1199083
1199189
1199377
1199467
1199587
1199677
1199801
1199899
1200061
1200191
1200361
1200461
1200611
1200751
1200887
1201001
1201087
1201183
1201309
1201493
1201633
1201787
1201919
1202029
1202147
1202261
1202387
1202497
1202629
1202807
1202867
1203077
1203211
1203331
1203467
1203611
1203739
1203827
1203929
1204037
1204183
1204363
1204477
1204613
1204781
1204891
1205093
1205231
1205437
1205537
1205647
1205731
1205899
1206017
1206157
1206259
1206377
1206497
1206637
1206743
1206827
1207039
1207133
1207291
1207379
1207501
1207681
1207903
1208021
1208131
1208243
1208399
1208569
1208707
1208833
1209007
1209121
1209233
1209347
1209487
1209617
1209757
1209853
1210003
1210103
1210211
1210393
1210459
1210613
1210787
1210873
1210949
1211081
1211227
1211389
1211503
1211603
1211689
1211779
1211897
1212023
1212187
1212293
1212427
1212521
1212683
1212787
1212877
1212989
1213081
1213183
1213339
1213483
1213607
1213721
1213837
1213931
1214077
1214183
1214299
1214431
1214567
1214659
1214743
1214923
1215017
1215161
1215299
1215407
1215499
1215631
1215769
1215899
1216069
1216249
1216387
1216507
1216601
1216759
1216849
1216961
1217057
1217131
1217219
1217329
1217471
1217617
1217731
1217893
1217963
1218167
1218257
1218401
1218533
1218653
1218779
1218923
1219091
1219241
1219349
1219487
1219639
1219721
1219793
1219861
1219949
1220071
1220257
1220411
1220623
1220743
1220833
1220981
1221089
1221221
1221383
1221499
1221589
1221749
1221853
1222027
1222171
1222271
1222483
1222597
1222693
1222801
1222931
1223051
1223179
1223309
1223447
1223561
1223693
1223863
1223987
1224109
1224217
1224287
1224439
1224673
1224823
1224913
1225019
1225109
1225219
1225361
1225517
1225603
1225727
1225883
1225963
1226083
1226213
1226339
1226479
1226593
1226683
1226789
1226867
1227101
1227181
1227337
1227497
1227683
1227841
1227949
1228091
1228187
1228309
1228429
1228543
1228651
1228837
1228937
1229023
1229197
1229273
1229359
1229483
1229617
1229773
1229939
1230067
1230227
1230343
1230401
1230547
1230727
1230871
1231003
1231127
1231229
1231309
1231411
1231511
1231631
1231753
1231831
1231981
1232183
1232327
1232417
1232563
1232713
1232851
1232999
1233143
1233301
1233433
1233539
1233619
1233779
1233983
1234117
1234271
1234417
1234577
1234757
1234837
1234969
1235131
1235239
1235321
1235447
1235569
1235761
1235879
1235987
1236211
1236383
1236517
1236643
1236743
1236811
1237013
1237121
1237213
1237349
1237471
1237543
1237727
1237849
1237961
1238087
1238197
1238333
1238437
1238597
1238717
1238801
1238917
1239067
1239223
1239341
1239443
1239529
1239643
1239773
1239919
1240013
1240153
1240247
1240391
1240553
1240703
1240793
1240979
1241081
1241257
1241369
1241447
1241551
1241699
1241869
1241957
1242097
1242191
1242347
1242457
1242629
1242811
1242929
1243013
1243169
1243367
1243471
1243577
1243709
1243819
1243939
1244027
1244141
1244249
1244381
1244479
1244603
1244729
1244833
1244987
1245103
1245227
1245451
1245617
1245719
1245833
1245961
1246093
1246243
1246327
1246379
1246481
1246561
1246673
1246829
1246963
1247107
1247263
1247371
1247479
1247591
1247699
1247837
1247959
1248059
1248199
1248323
1248407
1248539
1248671
1248809
1248917
1249037
1249133
1249243
1249363
1249487
1249627
1249733
1249837
1249943
1250087
1250201
1250357
1250479
1250611
1250771
1250867
1251011
1251121
1251307
1251463
1251661
1251787
1251881
1251983
1252109
1252211
1252357
1252469
1252663
1252799
1252921
1253027
1253167
1253347
1253519
1253689
1253803
1253947
1254031
1254119
1254217
1254367
1254497
1254593
1254667
1254791
1254959
1255069
1255153
1255249
1255337
1255453
1255619
1255757
1255907
1255997
1256197
1256347
1256531
1256621
1256747
1256863
1256923
1257043
1257131
1257251
1257359
1257499
1257611
1257787
1257953
1258079
1258163
1258241
1258373
1258457
1258597
1258681
1258787
1258927
1259039
1259107
1259231
1259393
1259551
1259663
1259767
1259939
1260067
1260191
1260341
1260473
1260583
1260719
1260827
1260901
1261081
1261223
1261333
1261489
1261649
1261769
1261891
1262017
1262143
1262291
1262441
1262557
1262669
1262771
1262897
1263047
1263133
1263247
1263341
1263487
1263599
1263751
1263887
1263973
1264129
1264271
1264451
1264607
1264733
1264859
1264933
1265063
1265129
1265281
1265431
1265521
1265617
1265779
1265899
1265977
1266077
1266191
1266277
1266379
1266493
1266593
1266761
1266869
1266949
1267121
1267237
1267429
1267531
1267681
1267823
1267933
1268039
1268173
1268291
1268429
1268567
1268713
1268791
1268921
1269043
1269173
1269253
1269379
1269529
1269683
1269859
1269953
1270097
1270201
1270327
1270433
1270547
1270639
1270771
1270909
1271051
1271161
1271239
1271359
1271483
1271603
1271747
1271843
1271999
1272113
1272223
1272329
1272443
1272629
1272827
1272899
1272991
1273117
1273267
1273367
1273463
1273567
1273721
1273843
1273957
1274111
1274267
1274381
1274557
1274719
1274873
1275019
1275199
1275349
1275523
1275611
1275737
1275847
1275973
1276049
1276157
1276307
1276447
1276603
1276721
1276861
1276969
1277069
1277207
1277357
1277491
1277651
1277761
1277879
1278031
1278191
1278323
1278419
1278551
1278659
1278787
1278911
1279081
1279177
1279307
1279457
1279549
1279667
1279787
1279871
1279997
1280159
1280291
1280417
1280597
1280737
1280833
1280987
1281101
1281229
1281367
1281463
1281649
1281739
1281823
1281971
1282079
1282187
1282297
1282427
1282517
1282637
1282739
1282903
1282993
1283111
1283207
1283417
1283543
1283707
1283831
1283957
1284083
1284287
1284383
1284523
1284631
1284769
1284901
1285049
1285139
1285237
1285381
1285507
1285619
1285759
1285847
1285943
1286093
1286209
1286323
1286491
1286587
1286683
1286819
1286953
1287067
1287179
1287343
1287467
1287553
1287691
1287761
1287887
1287997
1288061
1288193
1288361
1288513
1288607
1288711
1288843
1288933
1289027
1289159
1289329
1289429
1289593
1289711
1289803
1289963
1290109
1290203
1290371
1290491
1290607
1290719
1290907
1291063
1291193
1291321
1291421
1291547
1291793
1291909
1292029
1292149
1292281
1292419
1292563
1292639
1292737
1292927
1293011
1293199
1293307
1293419
1293541
1293701
1293841
1293961
1294039
1294177
1294309
1294459
1294621
1294729
1294957
1295057
1295183
1295293
1295369
1295533
1295639
1295761
1295873
1296023
1296143
1296293
1296419
1296557
1296629
1296787
1296929
1297057
1297157
1297249
1297357
1297447
1297537
1297651
1297799
1297993
1298119
1298279
1298387
1298617
1298779
1298909
1299019
1299169
1299269
1299359
1299491
1299647
1299811
