3
31
71
109
163
211
263
313
373
431
479
547
601
653
719
773
839
907
971
1031
1091
1153
1223
1289
1361
1433
1487
1553
1609
1669
1747
1823
1889
1979
2029
2099
2161
2251
2311
2381
2441
2539
2617
2683
2729
2797
2861
2953
3023
3109
3191
3259
3331
3407
3491
3547
3617
3691
3767
3847
3917
4001
4057
4133
4219
4273
4363
4451
4519
4603
4673
4759
4831
4933
4993
5059
5147
5231
5309
5407
5471
5527
5639
5689
5779
5843
5897
6011
6089
6163
6247
6311
6367
6469
6563
6653
6709
6793
6869
6959
7013
7109
7207
7283
7369
7481
7541
7591
7681
7753
7853
7927
8017
8101
8191
8269
8353
8431
8537
8623
8689
8747
8831
8923
9001
9067
9161
9239
9323
9403
9463
9539
9631
9721
9791
9859
9941
10067
10139
10211
10289
10357
10459
10559
10639
10723
10831
10891
10987
11083
11161
11257
11329
11437
11503
11617
11717
11807
11887
11953
12041
12113
12211
12281
12379
12457
12527
12601
12671
12763
12853
12941
13007
13103
13177
13267
13367
13457
13553
13649
13711
13789
13879
13963
14057
14159
14281
14387
14447
14543
14627
14713
14767
14843
14929
15031
15121
15199
15277
15349
15427
15511
15607
15671
15761
15823
15919
16033
16097
16193
16301
16411
16481
16573
16661
16759
16879
16943
17029
17117
17207
17321
17389
17471
17551
17627
17737
17837
17921
17987
18077
18149
18233
18311
18401
18481
18583
18701
18793
18917
19031
19139
19219
19309
19417
19463
19541
19609
19739
19819
19919
19993
20071
20147
20233
20341
20407
20509
20611
20719
20789
20899
20983
21061
21157
21227
21341
21419
21517
21587
21661
21757
21841
21937
22031
22093
22159
22277
22369
22469
22567
22651
22727
22811
22921
23017
23063
23167
23269
23339
23473
23563
23629
23741
23813
23887
23977
24049
24109
24197
24329
24419
24517
24631
24749
24847
24943
25033
25127
25229
25309
25409
25471
25601
25673
25763
25867
25943
26029
26141
26227
26309
26399
26489
26597
26693
26737
26849
26927
27017
27103
27239
27329
27437
27539
27653
27743
27799
27893
27967
28069
28163
28283
28393
28477
28559
28621
28687
28771
28867
28961
29063
29167
29243
29339
29423
29531
29629
29741
29851
29947
30071
30137
30223
30319
30431
30529
30643
30713
30829
30893
31013
31091
31181
31249
31327
31469
31543
31649
31729
31849
31981
32063
32143
32237
32323
32381
32479
32563
32633
32749
32833
32939
33013
33091
33191
33311
33377
33479
33569
33619
33721
33797
33889
33997
34129
34217
34301
34369
34483
34549
34651
34739
34843
34939
35059
35129
35251
35327
35423
35527
35597
35759
35851
35951
36013
36109
36229
36313
36451
36527
36599
36691
36779
36857
36929
37019
37123
37223
37337
37423
37511
37573
37657
37799
37889
37993
38119
38219
38303
38393
38557
38639
38711
38791
38891
38977
39097
39163
39239
39343
39439
39541
39659
39749
39839
39901
40013
40123
40193
40343
40459
40531
40637
40763
40847
40933
41039
41141
41203
41269
41389
41507
41597
41651
41761
41863
41947
42017
42101
42197
42293
42379
42451
42509
42643
42709
42793
42899
42979
43067
43201
43319
43441
43573
43633
43753
43853
43963
44029
44119
44203
44279
44417
44531
44621
44699
44789
44887
44971
45119
45191
45307
45389
45503
45599
45697
45821
45893
46027
46133
46219
46309
46441
46511
46619
46691
46807
46877
47041
47129
47237
47317
47417
47513
47599
47699
47779
47869
47963
48079
48187
48299
48407
48487
48571
48673
48779
48857
48973
49043
49139
49211
49333
49417
49523
49613
49711
49801
49891
49993
50077
50147
50263
50359
50459
50551
50671
50789
50893
50993
51131
51203
51307
51413
51473
51551
51637
51721
51829
51913
52021
52127
52223
52313
52453
52553
52639
52733
52859
52951
53047
53117
53201
53309
53411
53549
53623
53717
53819
53899
54001
54121
54251
54347
54419
54503
54581
54673
54779
54907
55001
55103
55213
55331
55411
55541
55633
55711
55813
55889
55967
56087
56171
56267
56393
56477
56533
56659
56737
56821
56911
56989
57089
57173
57259
57349
57467
57587
57689
57773
57847
57947
58057
58151
58217
58337
58417
58537
58631
58733
58897
58967
59051
59119
59209
59333
59399
59471
59581
59669
59753
59887
60017
60103
60209
60317
60427
60539
60647
60733
60821
60919
61031
61151
61291
61381
61487
61561
61651
61729
61871
61981
62057
62143
62273
62383
62497
62597
62687
62801
62921
62989
63113
63247
63347
63419
63499
63599
63667
63737
63823
63929
64063
64171
64283
64403
64553
64627
64747
64871
64951
65063
65141
65239
65353
65437
65543
65617
65701
65789
65881
65983
66089
66191
66359
66457
66541
66643
66749
66853
66947
67049
67141
67217
67339
67427
67499
67579
67709
67783
67883
67961
68071
68207
68311
68449
68531
68659
68743
68863
68927
69061
69163
69257
69383
69467
69593
69739
69833
69941
70051
70139
70207
70309
70423
70501
70607
70709
70843
70919
70991
71089
71191
71293
71359
71437
71537
71663
71761
71861
71941
72031
72103
72223
72307
72431
72547
72649
72727
72869
72931
73013
73121
73277
73369
73477
73583
73673
73757
73877
73999
74099
74189
74287
74377
74471
74567
74699
74761
74861
74933
75079
75193
75277
75377
75503
75571
75659
75743
75853
75983
76081
76163
76283
76403
76507
76603
76717
76829
76919
77029
77153
77249
77339
77431
77521
77587
77687
77747
77863
77983
78101
78191
78301
78437
78539
78623
78737
78839
78929
79087
79181
79279
79367
79451
79589
79669
79801
79861
79967
80071
80173
80251
80347
80473
80603
80677
80761
80833
80933
81031
81101
81203
81331
81421
81551
81647
81727
81847
81937
82013
82139
82217
82301
82421
82507
82601
82723
82799
82913
83059
83177
83257
83383
83443
83563
83653
83777
83903
84017
84131
84221
84317
84421
84499
84629
84713
84811
84961
85049
85133
85237
85361
85451
85571
85643
85751
85847
86011
86117
86201
86291
86369
86461
86561
86693
86813
86929
87037
87133
87251
87323
87443
87541
87623
87691
87793
87887
87991
88117
88261
88411
88523
88661
88789
88843
88937
89041
89113
89227
89329
89431
89521
89603
89681
89819
89909
90001
90067
90173
90247
90373
90473
90583
90679
90821
90911
91019
91139
91229
91309
91411
91513
91631
91771
91867
91967
92083
92189
92269
92369
92431
92557
92647
92717
92801
92893
92993
93103
93199
93283
93383
93493
93581
93739
93887
93949
94049
94151
94273
94351
94447
94547
94649
94777
94847
94961
95083
95153
95239
95327
95441
95531
95621
95731
95813
95923
96013
96157
96259
96337
96461
96557
96697
96779
96857
96989
97103
97187
97367
97441
97549
97613
97787
97861
97967
98081
98227
98327
98429
98519
98639
98731
98867
98927
99013
99109
99191
99317
99409
99551
99643
99721
99829
99923
100049
100183
100291
100391
100493
100559
100699
100811
100937
101051
101141
101209
101333
101419
101513
101603
101719
101807
101917
102001
102077
102181
102251
102359
102481
102559
102667
102797
102913
103049
103141
103307
103409
103549
103619
103723
103867
103979
104047
104147
104239
104347
104473
104561
104681
104743
104831
104947
105037
105211
105319
105379
105499
105563
105683
105817
105943
106031
106181
106273
106331
106417
106537
106657
106727
106801
106907
107021
107101
107227
107347
107507
107647
107747
107857
107951
108041
108161
108233
108347
108461
108553
108707
108799
108887
108959
109063
109147
109267
109367
109453
109547
109639
109793
109859
109943
110069
110251
110339
110491
110569
110641
110771
110881
110947
111053
111187
111271
111427
111509
111623
111733
111827
111913
112031
112129
112237
112297
112397
112571
112657
112799
112919
113017
113083
113149
113209
113357
113467
113591
113731
113819
113947
114041
114157
114229
114343
114487
114613
114689
114781
114889
115019
115127
115237
115327
115459
115571
115663
115769
115831
115883
115987
116113
116239
116351
116447
116539
116689
116803
116923
116993
117109
117209
117319
117427
117529
117659
117731
117811
117899
117991
118127
118247
118369
118457
118589
118687
118799
118901
119033
119101
119227
119311
119489
119591
119677
119771
119849
119963
120049
120163
120277
120391
120539
120623
120713
120817
120889
120947
121061
121171
121309
121367
121469
121559
121633
121787
121931
122021
122081
122203
122279
122393
122497
122597
122719
122833
122929
123031
123143
123269
123397
123479
123553
123661
123737
123853
123979
124121
124193
124301
124367
124493
124633
124721
124793
124919
125053
125141
125243
125353
125453
125597
125683
125753
125897
126001
126067
126199
126307
126421
126493
126613
126733
126839
126967
127123
127241
127301
127447
127579
127649
127711
127817
127913
128047
128173
128273
128351
128449
128521
128657
128749
128861
128969
129037
129127
129263
129361
129461
129533
129631
129757
129901
130021
130099
130223
130337
130411
130513
130621
130687
130817
130973
131071
131213
131311
131437
131507
131639
131743
131839
131939
132059
132173
132287
132383
132511
132611
132689
132757
132887
132971
133097
133187
133283
133387
133499
133633
133717
133843
133981
134081
134191
134287
134363
134489
134609
134741
134867
134989
135077
135197
135283
135391
135467
135589
135647
135731
135859
135979
136099
136217
136319
136393
136463
136537
136649
136739
136859
136963
137087
137183
137279
137383
137477
137593
137713
137831
137941
138059
138157
138247
138371
138451
138563
138637
138763
138883
138977
139133
139291
139361
139439
139547
139663
139753
139883
139981
140111
140207
140317
140411
140521
140611
140683
140779
140869
140989
141121
141223
141307
141439
141539
141649
141709
141811
141931
142031
142123
142217
142369
142501
142589
142699
142811
142939
143063
143197
143291
143461
143519
143617
143719
143827
143971
144073
144223
144311
144427
144541
144659
144757
144883
144973
145069
145213
145349
145451
145517
145633
145721
145819
145949
146023
146117
146239
146347
146437
146563
146681
146807
146917
147011
147137
147227
147319
147409
147541
147629
147739
147811
147977
148123
148201
148339
148439
148537
148667
148763
148867
148957
149057
149119
149239
149333
149417
149519
149603
149731
149839
149939
150061
150151
150223
150373
150439
150571
150697
150827
150907
151007
151141
151237
151337
151429
151523
151603
151681
151783
151883
152003
152083
152213
152311
152423
152533
152639
152767
152839
152941
153067
153151
153313
153409
153499
153589
153733
153877
153953
154073
154159
154277
154369
154493
154613
154723
154807
154927
155027
155161
155251
155377
155461
155579
155663
155731
155821
155921
156109
156229
156347
156491
156619
156691
156799
156941
157049
157141
157229
157279
157393
157513
157637
157747
157841
157951
158077
158227
158341
158429
158563
158633
158761
158881
159017
159161
159227
159361
159469
159563
159671
159763
159833
159937
160073
160163
160309
160403
160541
160637
160709
160807
160903
161033
161137
161263
161363
161503
161573
161717
161779
161911
161999
162119
162277
162419
162527
162623
162709
162791
162889
162997
163127
163211
163337
163433
163567
163661
163781
163871
163991
164089
164201
164291
164387
164477
164621
164729
164839
165037
165133
165287
165379
165469
165559
165673
165779
165887
166027
166169
166289
166393
166541
166619
166703
166841
166919
167021
167087
167177
167309
167413
167491
167627
167759
167879
168013
168109
168253
168353
168491
168617
168731
168869
168991
169079
169199
169313
169399
169523
169639
169733
169831
169933
170029
170141
170239
170341
170393
170537
170641
170759
170837
170927
171049
171167
171293
171439
171539
171641
171719
171823
171923
172049
172169
172259
172351
172439
172573
172649
172741
172859
172987
173087
173207
173297
173491
173599
173687
173779
173891
173993
174077
174169
174299
174413
174527
174637
174749
174859
174959
175079
175277
175393
175499
175649
175753
175853
175949
176041
176129
176221
176327
176401
176497
176557
176651
176779
176887
176983
177109
177223
177347
177473
177601
177763
177887
177953
178091
178187
178301
178403
178501
178601
178691
178813
178897
178973
179089
179203
179317
179407
179483
179581
179671
179779
179897
179953
180043
180181
180281
180361
180491
180569
180749
180871
181039
181193
181277
181409
181537
181669
181759
181889
181967
182057
182131
182239
182353
182471
182579
182653
182773
182867
182957
183067
183259
183329
183437
183503
183587
183709
183877
183973
184073
184187
184279
184417
184523
184631
184721
184843
184969
185069
185153
185267
185369
185519
185569
185693
185767
185869
185957
186037
186149
186239
186317
186469
186619
186707
186793
186917
187069
187139
187217
187349
187423
187531
187651
187787
187907
188011
188171
188299
188389
188483
188621
188711
188831
188927
189017
189151
189257
189377
189463
189529
189643
189743
189859
189961
190063
190243
190331
190471
190583
190669
190783
190871
191021
191119
191231
191353
191473
191551
191671
191773
191861
192007
192103
192193
192317
192391
192547
192613
192743
192833
192923
193009
193139
193247
193379
193463
193577
193703
193793
193873
193979
194087
194197
194371
194521
194659
194729
194861
194963
195053
195157
195259
195353
195469
195593
195737
195817
195929
196033
196139
196247
196379
196519
196613
196717
196837
196961
197077
197161
197273
197359
197453
197597
197689
197779
197921
198013
198109
198241
198337
198437
198533
198641
198769
198851
198959
199049
199211
199357
199453
199567
199679
199777
199873
199999
200087
200201
200329
200407
200579
200699
200843
200927
201037
201163
201281
201413
201511
201623
201731
201809
201893
201973
202067
202201
202339
202441
202591
202693
202799
202921
203011
203183
203293
203353
203431
203591
203713
203843
203953
204023
204151
204319
204397
204509
204601
204749
204859
204979
205097
205187
205307
205421
205487
205589
205663
205847
205967
206047
206179
206249
206341
206419
206527
206641
206819
206923
207037
207169
207269
207367
207469
207523
207629
207721
207847
207971
208067
208189
208279
208387
208469
208553
208673
208799
208931
209039
209189
209263
209353
209449
209563
209647
209767
209851
209959
210053
210143
210233
210319
210421
210527
210671
210809
210907
211039
211129
211219
211313
211433
211559
211661
211747
211873
211949
212117
212209
212383
212479
212627
212791
212881
212999
213119
213209
213289
213391
213533
213637
213791
213901
213989
214063
214177
214297
214439
214517
214631
214729
214807
214913
215087
215197
215329
215443
215521
215687
215801
215909
216037
216133
216263
216397
216551
216649
216757
216851
216967
217081
217207
217313
217369
217463
217579
217717
217829
217979
218087
218191
218371
218453
218549
218641
218737
218843
218969
219041
219133
219293
219407
219517
219613
219707
219787
219871
219953
220021
220177
220333
220411
220543
220673
220783
220877
220933
221083
221203
221303
221447
221539
221657
221729
221849
221989
222067
222161
222311
222379
222527
222647
222791
222883
222979
223063
223217
223277
223361
223469
223589
223747
223841
223999
224101
224201
224299
224423
224513
224629
224737
224881
224969
225089
225167
225289
225373
225503
225611
225721
225821
225943
226027
226169
226283
226409
226531
226637
226753
226823
226991
227131
227219
227363
227453
227531
227603
227693
227849
228013
228131
228251
228341
228451
228523
228617
228737
228847
228913
229027
229157
229247
229351
229469
229561
229639
229751
229813
229939
230059
230137
230239
230339
230431
230551
230683
230779
230891
231001
231109
231289
231367
231479
231563
231661
231823
231919
232049
232129
232307
232417
232523
232643
232753
232871
232987
233159
233267
233353
233489
233621
233743
233911
234007
234139
234203
234317
234457
234539
234653
234749
234847
234959
235013
235159
235273
235441
235541
235663
235789
235901
236053
236153
236297
236407
236519
236659
236749
236879
236983
237089
237179
237301
237409
237619
237737
237859
237973
238079
238159
238237
238339
238451
238547
238691
238789
238883
239017
239147
239251
239383
239489
239579
239699
239807
239929
240017
240109
240209
240347
240479
240599
240719
240829
240913
241049
241141
241261
241343
241463
241561
241663
241781
241867
241939
242059
242171
242279
242419
242509
242629
242729
242819
242989
243119
243209
243367
243469
243553
243647
243787
243889
244021
244147
244253
244351
244423
244529
244619
244711
244837
244901
245071
245177
245299
245419
245527
245629
245741
245851
245977
246119
246203
246289
246403
246539
246641
246739
246817
246929
247031
247201
247337
247421
247547
247633
247739
247847
247957
248057
248141
248243
248351
248461
248579
248657
248779
248861
248971
249103
249211
249329
249433
249521
249647
249763
249863
249973
250051
250199
250403
250543
250709
250793
250871
250993
251087
251191
251261
251387
251477
251543
251663
251831
251903
252013
252157
252253
252359
252457
252607
252731
252869
252937
253081
253247
253381
253481
253573
253661
253769
253867
253951
254041
254179
254291
254437
254623
254741
254831
254927
255007
255097
255181
255253
255419
255511
255637
255733
255851
255947
256033
256147
256279
256393
256517
256639
256771
256903
257069
257177
257287
257381
257489
257627
257717
257867
257987
258107
258173
258317
258407
258499
258611
258691
258779
258919
259009
259163
259271
259411
259531
259631
259723
259829
259967
260081
260207
260363
260461
260569
260677
260807
260921
261013
261101
261281
261407
261523
261619
261721
261847
262007
262121
262217
262331
262433
262543
262651
262741
262897
263047
263129
263239
263369
263443
263561
263651
263819
263899
263983
264091
264179
264331
264443
264599
264739
264793
264899
265003
265129
265241
265337
265459
265561
265709
265807
265883
266027
266093
266183
266333
266447
266599
266683
266801
266909
266983
267139
267229
267341
267431
267511
267587
267649
267727
267811
267901
268043
268189
268291
268507
268613
268757
268817
268913
268999
269117
269209
269327
269413
269527
269641
269749
269897
270031
270143
270239
270329
270451
270553
270653
270749
270859
270973
271097
271217
271333
271463
271571
271693
271811
271903
272011
272179
272257
272341
272407
272537
272659
272777
272917
273001
273107
273233
273323
273521
273643
273797
273919
274019
274123
274213
274333
274457
274627
274739
274837
274931
275039
275153
275263
275389
275461
275579
275669
275783
275923
276007
276083
276209
276323
276439
276527
276629
276779
276869
276961
277097
277223
277309
277493
277597
277691
277813
277919
278071
278191
278279
278437
278549
278623
278741
278827
278911
279073
279179
279337
279479
279577
279659
279779
279941
280037
280183
280253
280373
280537
280603
280703
280817
280913
280979
281131
281243
281327
281431
281579
281653
281767
281839
281933
282053
282143
282287
282391
282493
282671
282767
282869
282977
283097
283181
283369
283511
283607
283741
283831
283961
284093
284173
284267
284407
284507
284591
284701
284749
284833
284969
285101
285199
285317
285473
285569
285667
285763
285937
286019
286171
286381
286469
286543
286651
286753
286873
287059
287159
287251
287333
287501
287669
287801
287887
288061
288203
288313
288427
288539
288661
288773
288907
288997
289067
289151
289249
289349
289463
289589
289727
289843
289957
290033
290137
290243
290393
290489
290597
290669
290791
290897
291013
291113
291253
291359
291457
291563
291701
291833
291971
292079
292183
292319
292459
292541
292667
292753
292849
292993
293129
293221
293357
293483
293651
293767
293899
294029
294157
294241
294317
294403
294529
294703
294799
294911
294997
295111
295247
295357
295459
295663
295787
295873
295951
296071
296213
296287
296473
296557
296663
296741
296827
296969
297067
297191
297371
297469
297601
297691
297811
297931
298043
298169
298261
298373
298559
298667
298757
298853
299027
299137
299281
299371
299477
299603
299711
299857
299969
300089
300193
300317
300427
300511
300647
300733
300809
300929
301027
301153
301243
301363
301471
301591
301681
301813
301913
301999
302189
302297
302459
302581
302711
302833
302921
302999
303089
303217
303323
303409
303529
303613
303691
303817
303937
304049
304153
304279
304393
304481
304559
304709
304789
304897
304979
305093
305219
305351
305419
305497
305611
305749
305857
305999
306133
306239
306349
306437
306529
306661
306781
306877
306953
307093
307189
307283
307399
307537
307639
307817
307919
308093
308213
308317
308447
308527
308641
308809
308927
309013
309109
309241
309313
309457
309539
309637
309779
309899
310043
310169
310283
310423
310507
310627
310733
310829
310949
311099
311197
311329
311453
311569
311711
311821
311981
312083
312209
312281
312371
312509
312601
312703
312839
312941
313037
313153
313289
313373
313543
313603
313711
313829
313931
313993
314117
314227
314329
314441
314569
314651
314777
314927
315047
315181
315313
315437
315527
315613
315703
315857
315967
316087
316201
316297
316423
316507
316649
316753
316847
316937
317047
317179
317279
317399
317491
317609
317717
317789
317923
318007
318179
318259
318323
318443
318581
318683
318793
318883
319027
319117
319211
319339
319433
319511
319607
319729
319831
319967
320053
320141
320239
320339
320477
320609
320699
320843
320941
321077
321203
321319
321397
321547
321631
321751
321847
321991
322073
322193
322319
322429
322549
322627
322769
322891
322999
323101
323249
323377
323473
323597
323717
323879
324011
324119
324217
324341
324439
324523
324641
324757
324847
324953
325021
325153
325231
325349
325477
325607
325697
325781
325891
325999
326119
326203
326437
326549
326617
326707
326873
326993
327079
327247
327331
327433
327511
327599
327721
327827
327917
328043
328127
328283
328379
328513
328637
328781
328891
329027
329143
329257
329321
329473
329597
329677
329779
329941
330019
330131
330229
330329
330431
330607
330689
330791
330887
331031
331159
331259
331349
331501
331577
331693
331819
331921
332011
332159
332221
332399
332477
332617
332767
332903
333023
333107
333253
333341
333449
333533
333673
333769
333911
334031
334157
334289
334393
334507
334637
334721
334793
334973
335051
335131
335261
335411
335519
335641
335743
335857
336029
336121
336223
336353
336499
336577
336667
336769
336863
336983
337081
337219
337327
337427
337541
337661
337781
337873
337973
338159
338231
338297
338389
338477
338609
338753
338867
339067
339151
339263
339433
339601
339673
339811
339943
340061
340129
340297
340409
340559
340643
340777
340877
340933
341057
341191
341293
341423
341521
341629
341749
341863
341983
342077
342203
342319
342389
342521
342653
342791
342871
343051
343169
343267
343373
343489
343583
343667
343813
343933
344053
344177
344249
344327
344479
344629
344753
344857
344957
345041
345193
345329
345487
345599
345689
345769
345881
346013
346133
346223
346349
346421
346529
346627
346721
346877
347033
347129
347197
347297
347443
347579
347717
347813
347951
348001
348149
348247
348389
348451
348563
348671
348827
348923
349079
349183
349331
349397
349493
349603
349759
349841
349933
350039
350191
350351
350447
350593
350719
350789
350899
351023
351079
351229
351341
351413
351529
351691
351779
351887
352021
352111
352249
352357
352421
352511
352633
352771
352883
353011
353123
353237
353389
353489
353627
353711
353819
353921
354037
354143
354257
354337
354439
354551
354677
354779
354881
354997
355063
355171
355343
355483
355549
355669
355783
355909
356039
356143
356299
356449
356563
356731
356887
356981
357107
357229
357347
357473
357583
357661
357737
357823
357989
358153
358243
358327
358459
358591
358691
358769
358877
358979
359069
359171
359297
359407
359509
359633
359753
359929
360089
360223
360307
360461
360637
360821
360947
361003
361211
361313
361409
361481
361577
361727
361843
361943
362053
362147
362281
362357
362431
362599
362743
362903
362987
363119
363217
363359
363431
363533
363611
363757
363871
363959
364103
364223
364333
364433
364541
364657
364753
364909
365003
365129
365249
365357
365467
365531
365639
365773
365929
366031
366167
366227
366329
366437
366521
366701
366829
366907
367001
367121
367219
367309
367457
367573
367673
367777
367867
368047
368129
368233
368363
368507
368609
368743
368873
369023
369137
369263
369407
369581
369739
369851
369983
370067
370193
370387
370463
370561
370663
370813
370949
371131
371233
371311
371389
371549
371669
371851
371951
372059
372173
372293
372401
372511
372661
372751
372833
372941
373063
373187
373291
373363
373501
373657
373783
373951
374041
374123
374239
374351
374501
374669
374741
374837
374939
375029
375113
375209
375281
375407
375511
375607
375709
375841
375983
376081
376199
376373
376501
376603
376699
376801
376889
376969
377137
377263
377369
377521
377599
377737
377831
378011
378137
378239
378361
378503
378593
378713
378821
378949
379039
379157
379283
379397
379501
379607
379703
379837
379927
380059
380197
380291
380383
380503
380651
380819
380917
381019
381169
381289
381383
381481
381569
381713
381841
381989
382087
382253
382391
382541
382631
382729
382843
382939
383069
383147
383291
383419
383549
383651
383759
383837
383963
384067
384173
384277
384367
384487
384611
384733
384841
384973
385087
385193
385321
385417
385559
385631
385783
385897
386017
386129
386227
386329
386411
386537
386641
386731
386927
387047
387169
387269
387433
387577
387683
387799
387971
388109
388183
388301
388459
388541
388697
388813
388931
389029
389141
389231
389381
389513
389579
389713
389819
389927
390001
390113
390211
390353
390421
390499
390673
390763
390883
391009
391103
391219
391337
391403
391613
391711
391817
391907
392053
392143
392233
392297
392389
392519
392647
392767
392857
392969
393077
393157
393257
393377
393517
393583
393677
393761
393901
394007
394153
394259
394393
394529
394637
394739
394837
394981
395093
395173
395287
395429
395533
395671
395803
395953
396079
396199
396301
396427
396541
396631
396733
396943
397051
397181
397289
397379
397519
397633
397753
397867
398011
398087
398213
398311
398407
398491
398609
398729
398863
398989
399101
399197
399283
399439
399557
399647
399757
399887
399989
400109
400243
400321
400457
400619
400723
400871
401029
401119
401279
401381
401537
401669
401813
401939
402037
402133
402277
402361
402511
402587
402757
402847
402949
403063
403219
403327
403483
403591
403703
403831
403957
404029
404177
404269
404389
404489
404597
404827
404977
405071
405221
405299
405437
405529
405667
405731
405857
405959
406073
406247
406349
406501
406577
406697
406837
407023
407179
407263
407357
407489
407587
407707
407801
407899
408011
408137
408229
408347
408437
408563
408691
408787
408923
409027
409163
409289
409391
409499
409609
409733
409841
409933
410029
410171
410281
410387
410491
410621
410731
410819
411001
411083
411197
411337
411469
411569
411667
411739
411841
412001
412073
412171
412253
412397
412567
412639
412831
412967
413087
413167
413267
413477
413597
413737
413867
414017
414101
414217
414329
414431
414539
414643
414709
414793
414913
415031
415133
415213
415391
415523
415627
415697
415819
415951
416071
416201
416333
416417
416501
416623
416833
416963
417113
417191
417311
417437
417541
417643
417737
417869
417961
418069
418181
418303
418373
418511
418657
418783
418849
418933
419053
419189
419303
419443
419527
419599
419743
419831
419999
420149
420271
420349
420457
420569
420731
420809
420941
421079
421163
421313
421423
421517
421661
421739
421913
422069
422129
422249
422363
422537
422627
422761
422879
422987
423091
423191
423281
423403
423481
423587
423749
423847
423977
424079
424157
424261
424397
424537
424661
424769
424849
424961
425083
425233
425317
425423
425533
425701
425839
425939
426077
426211
426353
426527
426641
426743
426859
426941
427069
427213
427309
427421
427513
427621
427787
427919
427997
428093
428221
428339
428503
428579
428693
428833
429007
429139
429259
429367
429467
429547
429659
429731
429853
429929
430009
430139
430319
430487
430589
430723
430799
430883
430981
431077
431203
431297
431423
431567
431663
431801
431881
431993
432067
432163
432287
432389
432491
432577
432721
432833
432961
433073
433187
433261
433361
433469
433627
433703
433817
433963
434107
434209
434303
434389
434501
434647
434783
434857
434939
435059
435179
435277
435397
435503
435583
435661
435779
435907
436013
436151
436283
436427
436529
436649
436741
436889
437011
437141
437263
437387
437509
437641
437743
437881
438029
438211
438301
438439
438533
438661
438793
438899
438989
439163
439303
439429
439559
439661
439759
439853
439969
440093
440207
440329
440431
440537
440651
440731
440863
440987
441101
441187
441307
441461
441569
441703
441829
441953
442061
442171
442243
442397
442501
442609
442753
442829
442963
443041
443147
443227
443293
443419
443543
443629
443759
443873
443953
444079
444173
444289
444421
444523
444607
444739
444859
444937
445033
445183
445307
445477
445597
445741
445853
445969
446129
446261
446363
446473
446609
446773
446911
447053
447179
447259
447427
447521
447677
447793
447893
448027
448141
448241
448373
448597
448727
448853
448939
449083
449171
449263
449353
449459
449609
449693
449821
449963
450071
450169
450259
450361
450451
450557
450649
450797
450847
450929
451057
451183
451313
451441
451601
451681
451793
451901
451987
452131
452239
452401
452539
452687
452821
452989
453143
453239
453347
453553
453641
453737
453889
453991
454109
454229
454351
454483
454603
454723
454859
454969
455099
455227
455321
455419
455491
455599
455711
455849
455977
456061
456223
456377
456503
456581
456653
456791
456923
457043
457151
457267
457367
457459
457607
457687
457829
457987
458119
458239
458399
458543
458639
458789
458897
458977
459037
459209
459317
459421
459523
459671
459829
460013
460099
460217
460373
460477
460633
460771
460891
460973
461053
461191
461309
461411
461561
461677
461843
461977
462109
462263
462401
462493
462589
462677
462841
462937
463157
463249
463339
463457
463549
463693
463807
463891
464003
464129
464213
464311
464447
464557
464687
464777
464897
464963
465061
465151
465259
465337
465523
465649
465797
465917
466033
466139
466267
466373
466553
466651
466787
466951
467083
467209
467333
467473
467543
467633
467713
467833
467927
468049
468133
468241
468371
468499
468613
468691
468781
468887
469009
469169
469279
469379
469541
469657
469769
469879
470021
470149
470219
470317
470429
470513
470609
470711
470837
470941
471073
471187
471283
471439
471539
471649
471721
471853
471949
472103
472189
472309
472411
472561
472697
472817
472937
473117
473203
473327
473443
473519
473633
473789
473923
473999
474101
474211
474343
474443
474557
474667
474787
474917
475037
475147
475273
475367
475441
475597
475681
475763
475859
475933
476039
476137
476279
476407
476519
476647
476753
476887
477013
477149
477317
477469
477571
477727
477821
477941
478069
478189
478273
478417
478483
478627
478739
478823
478913
479023
479189
479267
479387
479509
479623
479783
479891
480017
480091
480203
480367
480451
480533
480707
480827
480959
481051
481141
481211
481373
481501
481639
481751
481847
481997
482099
482231
482359
482437
482539
482663
482743
482837
482957
483163
483247
483377
483491
483611
483727
483811
483929
484067
484171
484301
484417
484543
484691
484829
485041
485137
485347
485437
485593
485729
485899
486041
486139
486281
486377
486481
486583
486671
486769
486923
487013
487111
487261
487391
487471
487607
487717
487811
487933
488051
488197
488261
488333
488419
488603
488689
488779
488897
489019
489157
489263
489407
489493
489653
489761
489851
489959
490057
490183
490277
490453
490543
490627
490771
490921
490993
491149
491273
491353
491489
491591
491677
491797
491923
492047
492227
492389
492487
492619
492719
492839
493001
493111
493177
493277
493397
493531
493643
493777
493877
493993
494101
494251
494353
494443
494587
494677
494743
494873
495017
495133
495241
495347
495433
495559
495619
495749
495821
495947
496051
496211
496313
496459
496579
496733
496877
496997
497111
497239
497309
497461
497551
497663
497741
497869
497993
498119
498271
498403
498523
498643
498761
498859
498977
499117
499181
499309
499423
499549
499649
499711
499853
499973
500111
500209
500317
500417
500519
500693
500807
500909
501001
501103
501197
501287
501419
501593
501707
501829
501971
502081
502237
502409
502517
502643
502771
502883
503053
503213
503317
503413
503551
503653
503791
503911
503989
504139
504221
504349
504473
504607
504727
504857
504953
505051
505129
505237
505339
505459
505559
505657
505763
505907
506083
506201
506333
506449
506537
506647
506773
506887
506993
507113
507217
507361
507499
507631
507757
507883
507979
508097
508237
508349
508477
508577
508709
508867
508957
509071
509227
509359
509477
509581
509687
509783
509909
510031
510101
510227
510319
510457
510589
510709
510847
511013
511123
511211
511327
511439
511523
511627
511787
511891
512009
512167
512353
512521
512593
512711
512803
512921
513017
513103
513239
513341
513431
513593
513719
513829
513943
514057
514147
514271
514379
514523
514643
514747
514841
514939
515153
515311
515429
515611
515693
515803
515923
516053
516179
516253
516371
516457
516587
516673
516793
516907
516991
517091
517217
517303
517411
517501
517589
517717
517861
517981
518101
518179
518291
518429
518543
518717
518779
518893
519037
519131
519269
519373
519509
519587
519713
519863
519947
520067
520241
520357
520423
520571
520691
520813
520957
521041
521167
521281
521377
521497
521567
521707
521809
521897
522047
522161
522251
522373
522497
522637
522719
522829
522943
523093
523261
523417
523519
523631
523729
523847
523987
524099
524203
524309
524413
524593
524743
524873
524959
525017
525167
525257
525391
525491
525599
525719
525839
525949
526063
526159
526283
526391
526501
526627
526703
526781
526931
527057
527159
527273
527393
527507
527627
527789
527909
528013
528137
528289
528403
528527
528679
528811
528929
529033
529127
529241
529349
529513
529637
529723
529847
529981
530087
530209
530297
530401
530533
530653
530743
530851
530983
531121
531239
531347
531551
531637
531823
531901
532027
532163
532277
532379
532489
532603
532691
532789
532949
533051
533177
533261
533371
533549
533713
533831
533959
534019
534101
534241
534367
534529
534631
534739
534889
535033
535169
535303
535481
535573
535679
535793
535943
536057
536149
536267
536357
536453
536561
536687
536777
536869
536971
537041
537169
537287
537413
537637
537769
537877
538049
538147
538259
538357
538487
538579
538721
538801
538931
539093
539167
539293
539389
539533
539677
539797
539921
540139
540217
540347
540437
540559
540679
540779
540901
541087
541217
541339
541447
541543
541657
541763
541889
542021
542111
542183
542281
542467
542557
542713
542821
542939
543061
543163
543259
543349
543503
543617
543713
543841
543901
544013
544139
544279
544487
544631
544759
544879
544963
545093
545231
545437
545533
545641
545759
545899
546017
546103
546233
546341
546479
546617
546709
546881
547007
547133
547273
547387
547493
547583
547681
547817
547909
548089
548221
548351
548453
548543
548677
548783
548869
549001
549097
549203
549323
549481
549569
549683
549749
549911
550049
550163
550279
550439
550531
550651
550733
550843
550969
551063
551197
551321
551461
551569
551693
551773
551917
552029
552113
552263
552401
552527
552703
552793
552899
553051
553139
553249
553417
553513
553591
553699
553811
553933
554077
554179
554299
554447
554611
554707
554791
554887
554977
555097
555257
555383
555523
555691
555829
556021
556123
556261
556331
556483
556601
556691
556769
556841
556943
557033
557197
557329
557483
557591
557731
557803
557981
558109
558209
558343
558479
558563
558703
558827
558947
559093
559213
559319
559469
559561
559649
559777
559877
560017
560107
560179
560243
560353
560489
560617
560719
560827
560929
561061
561173
561343
561439
561667
561829
561973
562129
562273
562349
562427
562577
562651
562721
562841
562967
563041
563131
563327
563419
563561
563747
563881
564013
564127
564233
564323
564409
564523
564679
564827
564973
565069
565207
565303
565391
565489
565571
565667
565867
565979
566107
566227
566413
566537
566633
566717
566851
566987
567101
567263
567407
567529
567661
567779
567881
567991
568109
568193
568303
568453
568619
568723
568891
568999
569081
569197
569267
569447
569599
569711
569797
569869
570001
570079
570173
570373
570461
570527
570637
570719
570851
570959
571069
571201
571321
571453
571603
571741
571841
571933
572059
572179
572311
572419
572519
572609
572687
572813
572909
573031
573179
573329
573457
573523
573691
573809
573899
574031
574159
574283
574423
574529
574657
574741
574933
575053
575153
575251
575417
575551
575647
575723
575863
575963
576089
576203
576313
576439
576539
576649
576727
576881
577009
577123
577259
577363
577483
577573
577739
577867
577939
578077
578213
578353
578467
578563
578659
578779
578861
579017
579179
579283
579433
579533
579613
579713
579851
579961
580093
580231
580361
580513
580633
580733
580837
580927
581071
581177
581293
581377
581491
581617
581731
581857
581953
582083
582203
582319
582469
582623
582731
582821
582961
583069
583189
583291
583409
583511
583621
583753
583861
583997
584141
584303
584417
584587
584677
584777
584897
584999
585071
585199
585337
585467
585587
585721
585799
585883
585997
586121
586273
586367
586493
586601
586711
586819
586921
587021
587117
587201
587341
587459
587549
587633
587747
587849
587969
588061
588167
588277
588403
588521
588667
588779
588937
589063
589189
589291
589451
589583
589717
589829
589993
590119
590207
590323
590431
590609
590719
590839
590987
591127
591271
591403
591523
591653
591757
591893
592061
592199
592309
592391
592507
592609
592723
592853
592967
593071
593179
593261
593387
593491
593587
593689
593869
594023
594157
594271
594367
594467
594569
594697
594823
594931
595043
595123
595207
595303
595381
595549
595711
595877
595967
596081
596209
596291
596461
596593
596693
596821
596917
597031
597169
597307
597409
597539
597637
597757
597853
597997
598127
598229
598399
598501
598669
598783
598891
598999
599147
599281
599387
599513
599623
599719
599869
599993
600109
600247
600337
600433
600569
600697
600841
600949
601039
601189
601267
601357
601507
601687
601807
601897
602039
602137
602233
602321
602453
602551
602687
602773
602891
603011
603133
603283
603457
603557
603689
603793
603893
603937
604063
604259
604361
604481
604613
604729
604823
604939
605051
605177
605309
605413
605543
605629
605837
605921
606031
606113
606299
606433
606559
606659
606811
606919
607007
607097
607181
607307
607417
607583
607723
607861
607961
608099
608207
608357
608423
608527
608669
608789
608897
608999
609143
609233
609337
609421
609533
609617
609757
609907
610031
610217
610331
610469
610583
610703
610801
610877
610993
611111
611263
611419
611543
611657
611827
611927
612011
612083
612181
612317
612401
612611
612727
612823
612947
613097
613199
613279
613427
613499
613609
613741
613849
613993
614129
614267
614413
614561
614657
614741
614851
614983
615137
615289
615401
615491
615607
615739
615821
615941
616079
616169
616261
616387
616481
616547
616717
616793
616909
617027
617129
617237
617339
617447
617537
617693
617767
617879
618031
618199
618311
618413
618571
618671
618847
618979
619061
619187
619303
619477
619607
619739
619819
619979
620111
620233
620329
620429
620549
620657
620771
620887
621007
621113
621259
621371
621521
621641
621757
621893
622043
622129
622243
622351
622513
622607
622723
622879
623003
623171
623299
623393
623537
623671
623743
623879
623977
624089
624203
624311
624443
624521
624649
624763
624847
625007
625133
625253
625369
625529
625643
625811
625927
626051
626191
626341
626519
626621
626711
626809
626953
627083
627191
627301
627449
627611
627709
627811
627961
628093
628213
628357
628477
628673
628759
628861
628997
629137
629311
629417
629567
629683
629767
629873
629963
630101
630197
630353
630523
630613
630737
630899
631013
631171
631273
631409
631507
631583
631717
631843
631913
632041
632141
632257
632347
632459
632591
632699
632843
632971
633079
633253
633377
633467
633599
633757
633833
633967
634103
634211
634301
634421
634531
634649
634741
634859
634943
635119
635267
635347
635431
635533
635689
635813
635917
636017
636133
636263
636353
636533
636631
636761
636863
636997
637157
637283
637349
637471
637597
637709
637783
637933
638117
638233
638423
638567
638699
638893
639011
639157
639269
639433
639547
639647
639719
639907
640009
640109
640223
640303
640477
640621
640733
640873
640963
641093
641227
641387
641479
641623
641789
641863
641959
642113
642211
642361
642527
642673
642799
642907
643021
643099
643243
643439
643553
643661
643781
643927
644051
644131
644227
644359
644447
644563
644669
644767
644867
644977
645067
645187
645397
645497
645583
645691
645803
645907
646067
646183
646273
646411
646549
646669
646843
646927
647039
647131
647293
647371
647503
647609
647719
647809
647917
648047
648133
648257
648343
648481
648653
648803
648931
649063
649147
649283
649423
649507
649619
649709
649793
649877
650011
650189
650329
650483
650599
650813
650911
651029
651143
651247
651347
651487
651667
651793
651863
652019
652153
652279
652361
652453
652573
652657
652753
652903
652969
653117
653273
653473
653563
653659
653777
653899
653993
654089
654191
654307
654439
654571
654679
654781
654889
655013
655121
655261
655357
655507
655583
655693
655883
656039
656171
656311
656407
656561
656681
656771
656923
657047
657127
657289
657413
657499
657617
657779
657931
658069
658169
658279
658379
658507
658613
658753
658883
658979
659077
659231
659371
659513
659611
659693
659843
659951
660061
660157
660271
660377
660521
660601
660727
660811
660917
661049
661121
661253
661417
661541
661679
661877
661951
662063
662227
662327
662449
662551
662689
662819
662941
663037
663167
663283
663437
663569
663653
663797
663907
663991
664109
664199
664357
664471
664583
664663
664757
664879
665029
665117
665213
665303
665447
665569
665713
665803
665981
666073
666173
666329
666467
666607
666707
666821
666959
667103
667241
667363
667477
667559
667691
667817
667921
668047
668179
668407
668543
668671
668761
668879
669023
669127
669287
669391
669481
669661
669763
669869
669971
670099
670223
670333
670471
670559
670673
670811
670931
671059
671161
671287
671401
671533
671651
671791
671921
672019
672107
672193
672293
672443
672629
672779
672863
672953
673091
673199
673297
673403
673469
673579
673669
673837
674017
674159
674263
674393
674551
674701
674767
674857
674987
675131
675221
675319
675463
675581
675739
675841
675959
676051
676171
676297
676411
676597
676733
676883
676961
677041
677167
677321
677459
677563
677717
677891
678061
678199
678329
678413
678533
678611
678721
678779
678907
679039
679169
679279
679381
679501
679633
679747
679843
679919
680003
680129
680249
680347
680441
680567
680681
680857
680987
681061
681179
681311
681419
681523
681647
681781
681913
682001
682151
682277
682361
682471
682637
682739
682943
683087
683257
683377
683477
683603
683719
683819
683887
684007
684127
684289
684407
684527
684637
684767
684857
685001
685093
685231
685361
685459
685591
685697
685793
685987
686051
686149
686317
686437
686563
686731
686863
686971
687031
687131
687289
687383
687457
687551
687683
687787
687923
688063
688159
688309
688423
688561
688669
688763
688907
689041
689131
689267
689383
689509
689629
689789
689873
689957
690103
690269
690407
690509
690629
690817
690953
691121
691199
691343
691489
691637
691723
691829
691907
692009
692141
692273
692353
692431
692543
692689
692779
692933
693079
693169
693359
693487
693601
693691
693779
693877
694061
694201
694319
694381
694487
694591
694747
694873
694999
695089
695243
695327
695441
695573
695663
695777
695881
696067
696239
696343
696433
696547
696679
696809
696893
697019
697121
697259
697381
697457
697583
697691
697819
697967
698053
698261
698359
698471
698557
698729
698923
699073
699187
699287
699383
699511
699617
699761
699947
700081
700201
700307
700393
700561
700643
700801
700907
701023
701209
701341
701419
701509
701621
701719
701881
702067
702179
702283
702353
702469
702557
702683
702803
702887
703081
703211
703301
703411
703537
703691
703819
703943
704027
704141
704243
704321
704461
704579
704687
704783
704861
704993
705079
705169
705293
705461
705643
705787
705899
706009
706117
706207
706309
706463
706603
706709
706793
706913
707027
707153
707293
707437
707627
707711
707813
707923
707983
708053
708163
708287
708371
708517
708641
708839
708943
709117
709217
709337
709451
709589
709691
709799
709879
709981
710119
710299
710389
710503
710599
710693
710851
710929
711017
711133
711287
711427
711539
711679
711751
711877
711967
712121
712279
712409
712493
712603
712717
712883
712967
713129
713227
713311
713407
713533
713681
713833
713941
714113
714247
714479
714557
714719
714839
714911
715049
715157
715249
715373
715499
715621
715739
715849
715919
716003
716171
716383
716477
716581
716693
716809
716929
717089
717151
717323
717463
717581
717697
717883
718043
718171
718337
718423
718541
718691
718813
718943
719071
719183
719297
719447
719599
719713
719801
719947
720059
720193
720283
720373
720527
720661
720779
720899
720991
721087
721169
721243
721337
721481
721619
721733
721909
722027
722149
722273
722353
722467
722599
722749
722899
723031
723109
723181
723271
723407
723491
723601
723791
723859
723967
724099
724259
724403
724499
724583
724651
724781
724903
725057
725159
725321
725399
725537
725687
725861
725981
726091
726163
726331
726431
726559
726647
726787
726911
727009
727157
727249
727343
727483
727621
727733
727823
727981
728129
728281
728423
728557
728687
728771
728869
728941
729041
729203
729359
729473
729569
729649
729761
729913
730003
730187
730339
730487
730603
730753
730823
730913
731053
731201
731267
731413
731587
731683
731779
731881
731999
732133
732217
732299
732491
732631
732761
732877
733003
733141
733277
733351
733459
733619
733793
733871
733973
734113
734207
734347
734471
734567
734717
734819
734941
735067
735157
735247
735359
735443
735557
735719
735853
735979
736061
736181
736357
736409
736607
736787
736903
737017
737119
737251
737339
737497
737573
737687
737801
737921
738053
738197
738319
738421
738547
738721
738847
738953
739061
739163
739273
739363
739439
739553
739693
739813
739951
740059
740189
740329
740477
740591
740693
740893
741007
741101
741227
741373
741479
741599
741721
741859
741991
742127
742229
742333
742507
742591
742711
742891
742993
743129
743179
743297
743507
743671
743803
743921
744077
744221
744377
744503
744649
744761
744893
745027
745181
745301
745471
745609
745727
745859
745993
746101
746191
746287
746429
746533
746737
746813
746951
747073
747239
747377
747463
747583
747731
747839
747941
748057
748217
748339
748481
748603
748703
748807
748877
749011
749143
749237
749347
749449
749653
749773
749893
750019
750133
750209
750413
750553
750691
750797
750929
751057
751151
751259
751327
751447
751609
751691
751787
751901
752009
752137
752251
752351
752489
752627
752771
752861
752993
753133
753307
753427
753569
753659
753743
753847
754003
754099
754183
754283
754379
754489
754639
754771
754921
754991
755107
755239
755351
755441
755569
755719
755861
756011
756149
756271
756419
756563
756673
756799
756961
757151
757271
757381
757487
757607
757751
757903
758029
758141
758243
758357
758491
758599
758713
758819
758941
759037
759173
759301
759433
759557
759631
759709
759833
759961
760129
760229
760301
760453
760549
760649
760813
760927
761023
761177
761261
761381
761443
761543
761669
761779
761927
762031
762227
762367
762479
762577
762743
762877
762973
763073
763223
763369
763457
763579
763663
763801
763907
764003
764089
764249
764341
764521
764627
764789
764899
765007
765109
765203
765287
765389
765521
765649
765781
765893
765991
766111
766231
766333
766439
766541
766679
766811
766907
767051
767161
767321
767471
767551
767681
767813
767909
768101
768193
768319
768377
768479
768629
768773
768869
769007
769123
769259
769387
769487
769597
769733
769903
769999
770101
770191
770311
770459
770579
770663
770837
770927
771031
771163
771289
771427
771509
771623
771739
771889
772001
772139
772279
772391
772517
772657
772771
772909
773027
773147
773273
773407
773537
773657
773777
773869
773989
774107
774181
774313
774491
774601
774733
774821
774959
775091
775237
775363
775517
775639
775777
775933
776057
776173
776257
776449
776551
776693
776837
776969
777071
777173
777251
777389
777473
777641
777761
777871
778027
778111
778237
778361
778507
778567
778697
778777
778907
779011
779137
779327
779477
779579
779663
779771
779899
780041
780191
780343
780433
780613
780719
780841
780953
781051
781163
781283
781369
781481
781567
781681
781853
781967
782053
782137
782231
782381
782497
782671
782839
782983
783119
783197
783329
783473
783599
783701
783763
783829
784087
784183
784309
784387
784481
784577
784723
784867
785017
785143
785249
785333
785431
785569
785671
785801
785923
786053
786179
786319
786449
786629
786719
786887
786979
787091
787243
787361
787489
787601
787751
787817
787981
788077
788173
788317
788387
788497
788603
788779
788891
788993
789097
789221
789389
789527
789631
789731
789883
790033
790169
790277
790397
790513
790613
790733
790843
790967
791053
791201
791311
791431
791569
791773
791887
791969
792067
792179
792283
792383
792529
792629
792697
792821
792973
793129
793279
793439
793537
793633
793739
793853
793979
794063
794149
794221
794399
794509
794593
794743
794953
795079
795161
795299
795461
795551
795661
795763
795877
795983
796141
796259
796373
796493
796591
796711
796819
796931
797021
797119
797287
797417
797557
797627
797747
797911
798059
798139
798223
798373
798487
798641
798737
798911
799061
799219
799343
799481
799609
799679
799807
799961
800077
800159
800281
800407
800509
800587
800669
800743
800903
801001
801107
801289
801403
801539
801641
801809
801959
802103
802177
802331
802499
802609
802733
802829
802987
803141
803287
803417
803501
803629
803749
803921
804031
804127
804259
804371
804521
804611
804751
804857
804943
805061
805153
805267
805333
805471
805559
805723
805853
805967
806051
806177
806297
806447
806579
806783
806917
807071
807181
807259
807409
807509
807637
807797
807941
808097
808229
808361
808441
808597
808699
808793
808991
809141
809231
809339
809437
809563
809719
809797
809891
810023
810149
810269
810377
810443
810541
810659
810839
810949
811099
811199
811297
811469
811607
811703
811799
811957
812057
812191
812299
812387
812501
812639
812731
812963
813089
813203
813287
813401
813541
813697
813833
813991
814061
814171
814279
814403
814543
814643
814789
814901
815033
815197
815317
815431
815539
815663
815819
815939
816077
816163
816251
816427
816581
816703
816839
816911
817027
817123
817237
817337
817519
817679
817777
817877
817979
818123
818281
818353
818473
818683
818827
818999
819101
819241
819319
819437
819499
819619
819737
819823
819977
820117
820231
820331
820427
820577
820679
820763
820921
821053
821131
821281
821441
821507
821677
821819
821911
822037
822167
822259
822347
822517
822589
822691
822781
822883
823001
823169
823261
823399
823519
823637
823723
823799
823961
824063
824183
824339
824477
824609
824723
824833
824947
825047
825161
825277
825353
825467
825577
825697
825821
825961
826061
826171
826333
826403
826561
826669
826753
826879
826979
827131
827293
827429
827549
827699
827821
827903
828011
828119
828277
828431
828637
828721
828829
828923
829069
829187
829289
829511
829639
829729
829847
829993
830143
830279
830359
830449
830567
830693
830833
830923
831067
831191
831361
831443
831583
831659
831739
831847
831917
832121
832217
832367
832457
832597
832679
832747
832879
832963
833099
833219
833363
833479
833633
833747
833887
834007
834149
834283
834487
834599
834703
834811
834959
835097
835249
835391
835489
835633
835739
835847
835973
836117
836191
836317
836471
836609
836707
836821
836921
837073
837203
837373
837497
837631
837773
837929
838043
838153
838351
838429
838553
838631
838769
838897
838963
839117
839303
839437
839519
839621
839771
839897
839999
840149
840253
840353
840547
840703
840817
840923
841013
841103
841231
841307
841447
841637
841793
841927
842063
842147
842267
842351
842423
842519
842627
842801
842951
843079
843181
843307
843443
843539
843649
843793
843901
844093
844163
844289
844433
844499
844603
844717
844861
845003
845129
845231
845357
845489
845683
845833
845941
846061
846229
846359
846427
846589
846749
846877
846973
847069
847157
847271
847373
847531
847657
847741
847919
848017
848173
848321
848443
848579
848671
848789
848857
848959
849103
849217
849349
849523
849649
849763
849917
850021
850121
850229
850331
850417
850567
850727
850897
851041
851159
851261
851359
851449
851597
851689
851821
851957
852139
852211
852323
852521
852617
852757
852847
852953
853079
853217
853403
853547
853693
853807
853903
854039
854123
854299
854387
854467
854621
854807
854929
855067
855203
855311
855419
855581
855709
855781
855919
856057
856147
856277
856391
856487
856627
856721
856841
856943
857047
857167
857309
857419
857569
857687
857809
857929
858029
858161
858269
858427
858563
858709
858833
858943
859051
859213
859321
859459
859601
859681
859841
859939
860063
860239
860333
860413
860543
860647
860791
860917
861001
861083
861199
861391
861551
861659
861797
861881
861979
862117
862187
862273
862387
862481
862571
862703
862861
862973
863119
863279
863491
863633
863767
863869
863983
864077
864151
864277
864361
864509
864623
864737
864901
865001
865103
865231
865327
865477
865597
865717
865783
865871
866009
866093
866231
866417
866581
866707
866843
866941
867059
867173
867271
867401
867509
867617
867701
867827
867991
868111
868229
868337
868453
868561
868697
868801
868909
869017
869137
869273
869371
869471
869597
869753
869879
869989
870109
870211
870323
870433
870577
870691
870823
870917
871021
871181
871349
871553
871657
871823
871973
872077
872161
872251
872381
872453
872587
872687
872863
873049
873139
873331
873437
873553
873671
873781
874001
874117
874267
874373
874487
874639
874723
874823
874957
875117
875243
875327
875419
875519
875629
875717
875821
875981
876077
876181
876287
876373
876569
876661
876787
876893
877073
877199
877321
877403
877577
877771
877873
878011
878107
878191
878309
878467
878609
878699
878821
878929
879031
879167
879271
879391
879553
879661
879713
879863
880001
880091
880219
880337
880483
880571
880699
880801
880907
881009
881143
881233
881357
881473
881597
881743
881939
882047
882173
882263
882439
882571
882697
882823
882943
883087
883213
883279
883409
883517
883661
883763
883933
884057
884171
884287
884371
884497
884669
884827
884981
885103
885223
885331
885449
885553
885733
885839
885943
886013
886163
886271
886387
886493
886591
886747
886867
886987
887113
887261
887399
887533
887633
887701
887839
887987
888103
888211
888359
888443
888557
888691
888799
888931
889037
889171
889309
889391
889579
889699
889877
889957
890107
890221
890377
890543
890707
890821
890927
891017
891151
891311
891421
891523
891601
891707
891823
891907
892049
892153
892267
892433
892553
892663
892783
892951
893051
893147
893261
893383
893509
893671
893839
893933
894097
894191
894247
894391
894503
894611
894731
894893
895039
895159
895277
895357
895471
895633
895709
895801
895913
896101
896263
896353
896491
896573
896719
896921
897049
897137
897269
897373
897499
897593
897707
897877
898013
898129
898213
898291
898427
898543
898669
898813
898927
899149
899221
899401
899531
899711
899849
899971
900103
900217
900329
900511
900589
900701
900803
900959
901079
901183
901279
901429
901513
901679
901811
901937
902047
902201
902347
902477
902597
902719
902821
902977
903109
903257
903391
903493
903649
903781
903949
904087
904193
904303
904499
904601
904679
904777
904867
904987
905111
905197
905299
905477
905621
905701
905833
905999
906119
906233
906343
906431
906541
906679
906767
906881
907019
907141
907229
907363
907447
907561
907691
907793
907909
908041
908153
908317
908441
908527
908603
908731
908821
908909
909037
909119
909253
909331
909451
909577
909697
909803
909901
910051
910139
910229
910453
910619
910747
910853
911033
911147
911227
911321
911437
911621
911719
911837
911917
912049
912193
912343
912451
912521
912727
912851
912959
913063
913259
913417
913571
913739
913921
914117
914257
914359
914477
914581
914713
914813
914891
915041
915181
915253
915437
915587
915683
915799
915949
916073
916177
916273
916417
916507
916649
916837
916939
917083
917159
917251
917407
917557
917659
917767
917837
917971
918109
918199
918329
918433
918581
918683
918823
918947
919033
919169
919301
919417
919571
919729
919859
919949
920123
920219
920333
920441
920561
920729
920827
920957
921073
921191
921287
921463
921589
921703
921821
921919
922057
922169
922291
922391
922513
922631
922729
922907
923053
923179
923311
923411
923513
923599
923719
923869
923971
924043
924173
924337
924431
924551
924697
924769
924871
925027
925097
925181
925291
925409
925523
925649
925789
925937
926033
926153
926273
926399
926533
926633
926747
926879
927001
927149
927301
927439
927587
927709
927833
928001
928141
928267
928399
928471
928637
928771
928871
929011
929083
929207
929323
929459
929573
929647
929791
929897
930073
930179
930283
930437
930569
930689
930827
930977
931127
931237
931363
931543
931709
931789
931907
932003
932149
932227
932413
932497
932587
932683
932863
932963
933067
933241
933349
933497
933649
933797
933893
934001
934079
934229
934387
934487
934567
934693
934811
934907
935003
935147
935257
935399
935531
935651
935761
935861
936113
936223
936329
936469
936577
936697
936797
936937
937049
937229
937379
937537
937639
937747
937847
937949
938057
938183
938293
938393
938563
938713
938869
938981
939109
939229
939361
939469
939649
939769
939881
940003
940169
940271
940369
940529
940649
940781
940879
940993
941119
941209
941329
941461
941537
941653
941747
941911
942017
942101
942223
942367
942521
942653
942779
942883
943009
943097
943231
943343
943429
943589
943751
943819
943931
944123
944239
944389
944491
944563
944689
944821
944953
945143
945331
945409
945577
945677
945811
945929
946031
946133
946307
946453
946573
946717
946823
946943
947083
947263
947383
947483
947641
947743
947857
947987
948089
948247
948377
948457
948593
948799
948943
949037
949171
949381
949453
949607
949673
949811
949951
950023
950161
950251
950401
950501
950633
950723
950837
950953
951059
951151
951331
951427
951571
951659
951851
951997
952117
952207
952313
952481
952597
952709
952829
952937
953041
953179
953333
953497
953593
953731
953881
954001
954139
954257
954367
954491
954641
954757
954871
954991
955127
955243
955333
955469
955613
955769
955879
955963
956107
956269
956383
956521
956749
956903
957031
957109
957221
957361
957547
957643
957773
957937
958043
958163
958327
958381
958519
958627
958739
958877
958967
959159
959267
959377
959479
959659
959779
959887
960019
960137
960259
960389
960569
960667
960809
960977
961069
961133
961201
961393
961507
961619
961687
961777
961861
961991
962099
962257
962441
962537
962627
962747
962867
962993
963163
963241
963343
963491
963653
963731
963839
963943
964097
964253
964333
964463
964577
964703
964861
964939
965089
965179
965291
965411
965519
965647
965791
965969
966139
966233
966337
966419
966527
966659
966869
966961
967129
967319
967427
967511
967699
967819
967919
968021
968137
968251
968333
968459
968567
968713
968857
968971
969113
969257
969403
969481
969637
969743
969863
969977
970087
970231
970313
970469
970633
970787
970861
970961
971039
971143
971263
971371
971479
971569
971723
971863
971977
972079
972163
972277
972403
972493
972637
972799
972941
973051
973169
973321
973421
973591
973759
973891
974053
974161
974273
974411
974497
974581
974737
974849
974927
975011
975157
975277
975389
975521
975649
975803
975901
976033
976177
976303
976453
976553
976643
976823
976991
977149
977257
977407
977567
977719
977849
978011
978073
978181
978283
978403
978511
978647
978797
978907
979037
979171
979273
979369
979519
979709
979883
980047
980159
980321
980449
980587
980711
980831
980957
981067
981187
981289
981437
981523
981653
981797
981941
982063
982151
982273
982393
982589
982703
982829
982939
983123
983209
983329
983443
983533
983737
983819
983987
984119
984299
984359
984437
984583
984707
984877
985003
985121
985279
985403
985493
985613
985729
985871
985981
986113
986197
986339
986497
986581
986707
986801
986929
987023
987097
987227
987433
987559
987739
987913
988021
988129
988243
988367
988511
988643
988759
988877
989059
989239
989341
989467
989623
989749
989837
989939
990023
990181
990307
990377
990511
990637
990799
990923
991037
991129
991261
991427
991541
991643
991751
991901
991979
992111
992249
992363
992513
992633
992809
992917
993049
993199
993283
993431
993557
993763
993869
993983
994087
994237
994319
994447
994571
994699
994813
994907
995023
995219
995341
995443
995567
995663
995791
995957
996067
996173
996293
996409
996571
996689
996857
996973
997069
997123
997247
997333
997453
997597
997699
997811
997961
998071
998201
998329
998443
998617
998717
998839
998947
999043
999181
999329
999451
999611
999727
999907
1000033
1000159
1000249
1000367
1000453
1000609
1000697
1000859
1000981
1001087
1001191
1001321
1001401
1001531
1001639
1001797
1001941
1002061
1002149
1002263
1002377
1002493
1002583
1002721
1002817
1002899
1003019
1003133
1003291
1003381
1003543
1003679
1003763
1003907
1004053
1004161
1004303
1004453
1004567
1004723
1004903
1005019
1005131
1005229
1005349
1005439
1005553
1005677
1005883
1006007
1006151
1006219
1006303
1006367
1006507
1006613
1006781
1006891
1007021
1007129
1007297
1007401
1007527
1007683
1007753
1007827
1007957
1008041
1008209
1008323
1008419
1008517
1008613
1008793
1008871
1008989
1009153
1009237
1009321
1009433
1009537
1009649
1009819
1009951
1010083
1010263
1010419
1010519
1010687
1010783
1010899
1011013
1011137
1011239
1011371
1011553
1011649
1011763
1011937
1012043
1012159
1012259
1012379
1012457
1012549
1012637
1012733
1012861
1013009
1013227
1013329
1013503
1013627
1013717
1013833
1013923
1014121
1014197
1014319
1014451
1014571
1014721
1014833
1014973
1015073
1015171
1015369
1015471
1015559
1015709
1015829
1015919
1016051
1016153
1016263
1016419
1016573
1016689
1016843
1016941
1017061
1017193
1017311
1017383
1017551
1017673
1017799
1017923
1018097
1018253
1018421
1018559
1018679
1018789
1018903
1018993
1019119
1019261
1019357
1019467
1019563
1019701
1019783
1019899
1020037
1020137
1020293
1020407
1020541
1020689
1020823
1020913
1020991
1021091
1021217
1021297
1021381
1021487
1021663
1021799
1021919
1022071
1022183
1022303
1022449
1022531
1022683
1022837
1022933
1023079
1023203
1023299
1023389
1023521
1023697
1023839
1023977
1024103
1024307
1024391
1024523
1024663
1024783
1024921
1025009
1025113
1025209
1025303
1025417
1025537
1025653
1025789
1025909
1026041
1026167
1026293
1026407
1026547
1026673
1026811
1026913
1027027
1027163
1027277
1027421
1027547
1027693
1027777
1027969
1028063
1028141
1028243
1028389
1028561
1028681
1028809
1028957
1029109
1029209
1029337
1029433
1029533
1029643
1029803
1029929
1030027
1030111
1030247
1030417
1030543
1030723
1030811
1030933
1031057
1031267
1031399
1031483
1031609
1031731
1031869
1032071
1032259
1032373
1032467
1032601
1032701
1032803
1032901
1033037
1033171
1033309
1033387
1033469
1033567
1033693
1033807
1034009
1034167
1034237
1034353
1034479
1034597
1034731
1034849
1034953
1035077
1035247
1035361
1035467
1035571
1035659
1035869
1036003
1036121
1036249
1036327
1036411
1036579
1036729
1036829
1036951
1037087
1037261
1037347
1037497
1037653
1037767
1037903
1038019
1038143
1038253
1038383
1038523
1038623
1038727
1038881
1039037
1039139
1039321
1039463
1039603
1039769
1039921
1040057
1040141
1040219
1040407
1040531
1040671
1040797
1040873
1040981
1041127
1041223
1041311
1041451
1041571
1041701
1041841
1041949
1042087
1042183
1042273
1042427
1042577
1042687
1042829
1042961
1043117
1043213
1043369
1043521
1043617
1043753
1043849
1043951
1044097
1044193
1044289
1044397
1044529
1044689
1044767
1044859
1045013
1045123
1045229
1045367
1045487
1045571
1045691
1045841
1046047
1046183
1046329
1046447
1046597
1046701
1046863
1046999
1047119
1047229
1047313
1047467
1047559
1047691
1047779
1047929
1048013
1048139
1048309
1048447
1048601
1048717
1048847
1048991
1049093
1049173
1049297
1049473
1049549
1049681
1049821
1049891
1050013
1050169
1050307
1050431
1050563
1050743
1050899
1051009
1051151
1051301
1051459
1051559
1051649
1051789
1051913
1052039
1052179
1052287
1052431
1052551
1052707
1052813
1052971
1053083
1053257
1053383
1053497
1053583
1053737
1053863
1054013
1054171
1054259
1054363
1054457
1054597
1054717
1054853
1055039
1055167
1055303
1055413
1055543
1055713
1055839
1055933
1056049
1056161
1056271
1056371
1056493
1056613
1056739
1056893
1057019
1057163
1057291
1057477
1057603
1057699
1057879
1057993
1058107
1058221
1058341
1058461
1058593
1058683
1058773
1058891
1059059
1059161
1059259
1059413
1059517
1059683
1059769
1059923
1060051
1060201
1060313
1060391
1060481
1060597
1060777
1060991
1061129
1061273
1061377
1061527
1061629
1061737
1061867
1061969
1062197
1062361
1062511
1062673
1062797
1062913
1063019
1063151
1063241
1063409
1063501
1063613
1063729
1063837
1063919
1063999
1064159
1064269
1064377
1064507
1064669
1064771
1064939
1065017
1065109
1065277
1065409
1065557
1065689
1065817
1065901
1066063
1066231
1066327
1066423
1066567
1066721
1066859
1066981
1067069
1067221
1067371
1067491
1067597
1067711
1067831
1067939
1068103
1068241
1068323
1068437
1068559
1068703
1068779
1068901
1069043
1069193
1069303
1069451
1069553
1069609
1069751
1069921
1070009
1070131
1070233
1070339
1070429
1070533
1070681
1070843
1070981
1071139
1071229
1071341
1071439
1071563
1071671
1071817
1071937
1072133
1072231
1072397
1072537
1072763
1072849
1072957
1073089
1073183
1073297
1073411
1073563
1073687
1073819
1073951
1074079
1074251
1074361
1074481
1074641
1074713
1074877
1074949
1075027
1075147
1075237
1075357
1075469
1075577
1075673
1075759
1075909
1076057
1076137
1076279
1076401
1076503
1076639
1076771
1076893
1077059
1077221
1077353
1077533
1077691
1077763
1077893
1078009
1078151
1078247
1078409
1078643
1078739
1078853
1078981
1079077
1079173
1079311
1079417
1079531
1079651
1079783
1079887
1079987
1080083
1080217
1080301
1080419
1080523
1080661
1080787
1080851
1080971
1081099
1081229
1081307
1081441
1081679
1081741
1081823
1081979
1082099
1082189
1082351
1082447
1082593
1082707
1082891
1083037
1083151
1083289
1083371
1083473
1083613
1083793
1083899
1084019
1084147
1084301
1084429
1084547
1084661
1084777
1084927
1085017
1085141
1085317
1085431
1085627
1085753
1085863
1085989
1086133
1086247
1086331
1086433
1086557
1086677
1086817
1086931
1087109
1087271
1087409
1087519
1087663
1087781
1087861
1087981
1088089
1088251
1088407
1088489
1088617
1088693
1088827
1088959
1089107
1089239
1089427
1089523
1089703
1089917
1090027
1090181
1090303
1090457
1090589
1090721
1090849
1090927
1091017
1091119
1091219
1091273
1091399
1091521
1091627
1091731
1091869
1092043
1092151
1092257
1092373
1092463
1092643
1092803
1092901
1092997
1093111
1093237
1093331
1093487
1093577
1093681
1093777
1093907
1093999
1094101
1094237
1094407
1094491
1094573
1094689
1094803
1094921
1095043
1095173
1095287
1095439
1095541
1095691
1095791
1095859
1096057
1096163
1096351
1096477
1096559
1096703
1096831
1096967
1097069
1097189
1097323
1097443
1097557
1097711
1097851
1097923
1098101
1098211
1098373
1098479
1098631
1098787
1098989
1099121
1099261
1099391
1099489
1099559
1099687
1099783
1099867
1100039
1100147
1100249
1100377
1100483
1100611
1100797
1100893
1101097
1101229
1101371
1101439
1101571
1101673
1101781
1101929
1102027
1102169
1102271
1102411
1102523
1102679
1102747
1102883
1102979
1103101
1103203
1103341
1103497
1103603
1103737
1103899
1104041
1104157
1104289
1104379
1104517
1104661
1104749
1104821
1104937
1105067
1105207
1105333
1105463
1105583
1105649
1105787
1105891
1106069
1106179
1106267
1106419
1106509
1106629
1106771
1106881
1106993
1107107
1107317
1107433
1107527
1107679
1107793
1107913
1108049
1108169
1108259
1108397
1108489
1108573
1108697
1108753
1108903
1109033
1109197
1109309
1109411
1109533
1109723
1109839
1109909
1110061
1110229
1110349
1110467
1110583
1110713
1110839
1110943
1111013
1111091
1111219
1111361
1111489
1111577
1111711
1111841
1111991
1112093
1112171
1112339
1112467
1112561
1112653
1112747
1112897
1112983
1113137
1113221
1113379
1113521
1113701
1113797
1113949
1114039
1114241
1114349
1114493
1114591
1114709
1114829
1114937
1115057
1115227
1115327
1115447
1115539
1115633
1115759
1115879
1116053
1116223
1116329
1116469
1116593
1116743
1116889
1117021
1117111
1117267
1117379
1117489
1117609
1117757
1117819
1117939
1118023
1118147
1118303
1118441
1118599
1118773
1118857
1118947
1119077
1119269
1119403
1119607
1119707
1119823
1120001
1120157
1120291
1120391
1120517
1120591
1120687
1120783
1120883
1120993
1121093
1121221
1121347
1121443
1121629
1121819
1121947
1122091
1122181
1122367
1122467
1122623
1122749
1122937
1123151
1123279
1123391
1123501
1123597
1123693
1123841
1123931
1124051
1124197
1124297
1124437
1124593
1124699
1124813
1124987
1125121
1125209
1125343
1125433
1125569
1125713
1125857
1125953
1126189
1126319
1126421
1126523
1126661
1126771
1126861
1127033
1127167
1127263
1127359
1127453
1127573
1127701
1127849
1127983
1128151
1128287
1128383
1128521
1128623
1128703
1128773
1128917
1129013
1129153
1129283
1129433
1129519
1129663
1129763
1129861
1130039
1130191
1130299
1130429
1130581
1130693
1130807
1130951
1131079
1131181
1131307
1131413
1131509
1131671
1131769
1131869
1131961
1132139
1132309
1132463
1132541
1132639
1132753
1132909
1132993
1133147
1133227
1133357
1133507
1133623
1133689
1133851
1133959
1134071
1134179
1134311
1134467
1134583
1134697
1134841
1134967
1135081
1135171
1135279
1135411
1135597
1135711
1135853
1135921
1136077
1136153
1136309
1136411
1136579
1136651
1136809
1136921
1137029
1137179
1137313
1137481
1137613
1137749
1137869
1137959
1138117
1138363
1138433
1138589
1138703
1138793
1138957
1139041
1139197
1139293
1139461
1139539
1139687
1139843
1139921
1140127
1140239
1140371
1140463
1140611
1140749
1140911
1141009
1141087
1141223
1141289
1141391
1141531
1141667
1141853
1141999
1142129
1142243
1142357
1142507
1142651
1142789
1142909
1143019
1143091
1143227
1143371
1143551
1143661
1143817
1143977
1144141
1144249
1144343
1144453
1144573
1144691
1144867
1144939
1145077
1145191
1145311
1145393
1145539
1145723
1145831
1146037
1146179
1146347
1146491
1146661
1146763
1146809
1146911
1147039
1147141
1147243
1147339
1147451
1147571
1147697
1147843
1147997
1148171
1148311
1148501
1148629
1148731
1148867
1148981
1149131
1149227
1149373
1149503
1149593
1149737
1149881
1149983
1150103
1150211
1150351
1150489
1150609
1150717
1150783
1150909
1151041
1151147
1151237
1151369
1151443
1151599
1151687
1151861
1151993
1152113
1152227
1152391
1152589
1152677
1152793
1152941
1153057
1153171
1153247
1153367
1153487
1153609
1153753
1153891
1154051
1154221
1154311
1154431
1154561
1154653
1154849
1154971
1155101
1155233
1155379
1155527
1155619
1155709
1155899
1155961
1156033
1156151
1156291
1156387
1156501
1156633
1156747
1156849
1157033
1157159
1157237
1157339
1157449
1157609
1157713
1157833
1157969
1158121
1158251
1158361
1158467
1158569
1158653
1158769
1158887
1159031
1159153
1159259
1159421
1159541
1159709
1159861
1159993
1160141
1160227
1160359
1160459
1160569
1160717
1160903
1161001
1161101
1161227
1161331
1161449
1161529
1161647
1161781
1161883
1162037
1162193
1162297
1162453
1162541
1162619
1162727
1162853
1162937
1163011
1163111
1163189
1163311
1163467
1163581
1163663
1163753
1163879
1164001
1164179
1164323
1164461
1164587
1164659
1164817
1164953
1165057
1165183
1165273
1165397
1165579
1165739
1165849
1165937
1166057
1166153
1166359
1166483
1166569
1166687
1166827
1166947
1167083
1167233
1167347
1167473
1167623
1167707
1167823
1167913
1168043
1168243
1168351
1168477
1168627
1168771
1168877
1168987
1169081
1169257
1169353
1169453
1169593
1169713
1169827
1170019
1170119
1170209
1170361
1170511
1170599
1170709
1170811
1170971
1171109
1171231
1171393
1171523
1171633
1171789
1171927
1172009
1172107
1172279
1172417
1172531
1172663
1172797
1172929
1173013
1173181
1173343
1173481
1173587
1173787
1173917
1174027
1174163
1174267
1174387
1174489
1174603
1174727
1174829
1174951
1175099
1175249
1175407
1175509
1175651
1175743
1175833
1175963
1176083
1176191
1176367
1176463
1176601
1176713
1176869
1176983
1177103
1177207
1177387
1177499
1177613
1177717
1177843
1177987
1178087
1178173
1178239
1178377
1178537
1178659
1178743
1178897
1178977
1179151
1179263
1179331
1179427
1179571
1179751
1179863
1179977
1180043
1180133
1180253
1180397
1180537
1180661
1180771
1180873
1180951
1181051
1181183
1181293
1181461
1181563
1181701
1181839
1181969
1182121
1182287
1182403
1182479
1182611
1182739
1182869
1182989
1183121
1183201
1183333
1183447
1183579
1183733
1183813
1183961
1184069
1184149
1184303
1184411
1184483
1184609
1184767
1184923
1185017
1185179
1185329
1185439
1185577
1185661
1185749
1185871
1185997
1186099
1186231
1186397
1186573
1186699
1186837
1187003
1187141
1187279
1187357
1187453
1187567
1187701
1187819
1187911
1188007
1188149
1188247
1188353
1188511
1188613
1188727
1188899
1189007
1189127
1189231
1189387
1189567
1189633
1189757
1189871
1189999
1190143
1190279
1190467
1190573
1190701
1190809
1190923
1191031
1191119
1191247
1191373
1191551
1191643
1191761
1191899
1192027
1192151
1192211
1192349
1192469
1192603
1192811
1192889
1193011
1193131
1193243
1193399
1193503
1193653
1193741
1193839
1193963
1194059
1194251
1194379
1194517
1194659
1194757
1194877
1194971
1195121
1195217
1195421
1195547
1195681
1195771
1195919
1196077
1196219
1196329
1196473
1196593
1196719
1196861
1196999
1197073
1197197
1197281
1197389
1197527
1197709
1197881
1197997
1198081
1198217
1198321
1198433
1198583
1198699
1198867
1198999
1199131
1199351
1199441
1199521
1199623
1199719
1199851
1199969
1200161
1200323
1200389
1200527
1200691
1200833
1200943
1201043
1201141
1201247
1201469
1201559
1201699
1201843
1202009
1202081
1202221
1202321
1202471
1202569
1202771
1202843
1202977
1203151
1203263
1203437
1203557
1203689
1203793
1203899
1203959
1204141
1204279
1204447
1204561
1204699
1204859
1205027
1205159
1205339
1205473
1205609
1205693
1205779
1205969
1206071
1206199
1206323
1206449
1206577
1206703
1206773
1206979
1207111
1207237
1207331
1207439
1207597
1207757
1207961
1208069
1208209
1208303
1208461
1208663
1208791
1208927
1209079
1209191
1209281
1209437
1209563
1209697
1209809
1209947
1210049
1210169
1210351
1210411
1210541
1210717
1210819
1210903
1211039
1211179
1211311
1211443
1211563
1211657
1211737
1211827
1211983
1212119
1212241
1212361
1212473
1212641
1212737
1212847
1212923
1213033
1213133
1213259
1213439
1213573
1213651
1213763
1213907
1214011
1214137
1214237
1214401
1214483
1214623
1214687
1214849
1214963
1215103
1215229
1215359
1215451
1215583
1215679
1215847
1216013
1216147
1216349
1216441
1216561
1216711
1216807
1216913
1217017
1217093
1217179
1217299
1217417
1217521
1217677
1217813
1217927
1218089
1218211
1218313
1218463
1218601
1218731
1218859
1218991
1219147
1219303
1219453
1219577
1219663
1219763
1219843
1219909
1219991
1220203
1220353
1220497
1220699
1220797
1220917
1221049
1221163
1221289
1221449
1221541
1221653
1221793
1221959
1222097
1222241
1222409
1222537
1222651
1222757
1222853
1223003
1223119
1223237
1223357
1223491
1223633
1223767
1223939
1224059
1224163
1224259
1224389
1224533
1224739
1224869
1224973
1225087
1225129
1225303
1225459
1225577
1225687
1225817
1225919
1226041
1226179
1226297
1226387
1226539
1226651
1226741
1226831
1226983
1227151
1227301
1227437
1227619
1227769
1227911
1228001
1228153
1228273
1228391
1228501
1228589
1228741
1228889
1228963
1229131
1229227
1229317
1229443
1229561
1229707
1229873
1229999
1230169
1230311
1230373
1230491
1230631
1230791
1230949
1231073
1231193
1231277
1231357
1231459
1231579
1231697
1231799
1231883
1232071
1232243
1232389
1232477
1232657
1232809
1232947
1233097
1233241
1233373
1233497
1233593
1233721
1233907
1234063
1234237
1234367
1234531
1234687
1234789
1234889
1235063
1235167
1235281
1235389
1235497
1235659
1235821
1235933
1236161
1236307
1236467
1236583
1236709
1236787
1236953
1237057
1237177
1237279
1237403
1237513
1237619
1237813
1237919
1238033
1238137
1238273
1238411
1238521
1238681
1238761
1238863
1239001
1239151
1239281
1239377
1239499
1239593
1239737
1239893
1239983
1240087
1240207
1240333
1240511
1240667
1240751
1240861
1241033
1241197
1241321
1241413
1241491
1241627
1241789
1241927
1242029
1242151
1242251
1242407
1242601
1242763
1242859
1242977
1243133
1243309
1243393
1243523
1243643
1243789
1243883
1243969
1244057
1244183
1244333
1244437
1244533
1244647
1244797
1244909
1245019
1245169
1245397
1245551
1245689
1245781
1245917
1246057
1246199
1246303
1246363
1246451
1246517
1246601
1246747
1246907
1247053
1247189
1247317
1247429
1247557
1247641
1247777
1247893
1248017
1248113
1248239
1248349
1248469
1248589
1248721
1248859
1248991
1249091
1249163
1249321
1249427
1249531
1249681
1249799
1249873
1250023
1250149
1250281
1250449
1250527
1250701
1250813
1250969
1251083
1251247
1251427
1251577
1251707
1251851
1251937
1252063
1252177
1252267
1252429
1252609
1252729
1252877
1252991
1253093
1253279
1253453
1253599
1253737
1253887
1253999
1254061
1254161
1254293
1254433
1254541
1254637
1254739
1254863
1255021
1255123
1255187
1255307
1255393
1255567
1255687
1255829
1255949
1256063
1256267
1256407
1256587
1256707
1256813
1256897
1257013
1257079
1257233
1257313
1257461
1257563
1257713
1257869
1258001
1258133
1258207
1258319
1258423
1258511
1258643
1258753
1258871
1258993
1259077
1259171
1259317
1259527
1259627
1259737
1259873
1260019
1260157
1260293
1260419
1260547
1260661
1260767
1260881
1260991
1261171
1261301
1261411
1261571
1261739
1261831
1261963
1262087
1262231
1262363
1262491
1262621
1262717
1262869
1262939
1263107
1263191
1263319
1263403
1263541
1263667
1263803
1263947
1264037
1264231
1264363
1264561
1264663
1264807
1264889
1265029
1265101
1265233
1265353
1265477
1265581
1265681
1265857
1265923
1266043
1266113
1266259
1266341
1266451
1266557
1266731
1266799
1266919
1267067
1267183
1267349
1267481
1267613
1267757
1267883
1267961
1268119
1268233
1268359
1268479
1268627
1268759
1268849
1269007
1269113
1269221
1269311
1269461
1269589
1269743
1269911
1270051
1270147
1270279
1270391
1270513
1270573
1270669
1270861
1271027
1271111
1271201
1271321
1271419
1271531
1271687
1271813
1271939
1272071
1272169
1272281
1272377
1272559
1272673
1272863
1272941
1273039
1273199
1273313
1273417
1273541
1273673
1273771
1273907
1274051
1274183
1274323
1274437
1274629
1274773
1274939
1275133
1275283
1275457
1275563
1275691
1275817
1275893
1276013
1276123
1276237
1276397
1276543
1276657
1276771
1276903
1277021
1277113
1277267
1277449
1277593
1277729
1277833
1277971
1278131
1278227
1278379
1278479
1278619
1278721
1278839
1279021
1279133
1279211
1279357
1279511
1279627
1279703
1279823
1279931
1280119
1280221
1280371
1280537
1280659
1280789
1280887
1281047
1281187
1281283
1281433
1281547
1281691
1281799
1281899
1282031
1282121
1282261
1282387
1282499
1282597
1282681
1282807
1282943
1283063
1283167
1283339
1283509
1283603
1283759
1283897
1284037
1284211
1284329
1284467
1284583
1284713
1284847
1284971
1285099
1285199
1285283
1285441
1285547
1285703
1285799
1285891
1286017
1286149
1286269
1286399
1286557
1286647
1286777
1286843
1287007
1287133
1287239
1287373
1287499
1287613
1287743
1287829
1287967
1288037
1288163
1288291
1288423
1288559
1288691
1288817
1288877
1288993
1289111
1289261
1289381
1289537
1289627
1289753
1289881
1290031
1290167
1290293
1290439
1290563
1290649
1290853
1291007
1291153
1291229
1291369
1291483
1291669
1291861
1291991
1292113
1292243
1292353
1292503
1292593
1292701
1292831
1292983
1293137
1293251
1293361
1293493
1293613
1293797
1293923
1294019
1294121
1294273
1294369
1294571
1294651
1294823
1295003
1295113
1295221
1295321
1295473
1295563
1295717
1295839
1295993
1296089
1296227
1296371
1296511
1296593
1296721
1296839
1297003
1297123
1297211
1297313
1297399
1297501
1297619
1297727
1297927
1298057
1298191
1298333
1298551
1298719
1298831
1298981
1299079
1299211
1299323
1299439
1299583
1299721
