17
53
97
139
191
239
283
349
401
457
509
577
631
683
751
821
877
941
1009
1061
1117
1193
1259
1307
1409
1459
1523
1583
1637
1721
1787
1871
1933
2003
2081
2137
2221
2287
2351
2411
2477
2579
2659
2707
2767
2837
2909
2999
3067
3167
3229
3313
3371
3461
3529
3583
3659
3727
3803
3881
3943
4021
4099
4177
4253
4337
4421
4493
4567
4649
4723
4799
4903
4967
5021
5101
5189
5279
5381
5437
5503
5573
5657
5737
5813
5867
5953
6053
6131
6211
6277
6343
6421
6529
6599
6689
6763
6833
6911
6983
7057
7159
7237
7331
7451
7517
7573
7643
7717
7817
7883
7963
8081
8161
8233
8297
8389
8501
8581
8663
8719
8803
8863
8963
9041
9133
9203
9283
9371
9433
9497
9613
9679
9767
9833
9907
10009
10099
10169
10259
10331
10429
10501
10607
10687
10771
10861
10949
11057
11119
11213
11299
11393
11483
11579
11681
11779
11833
11927
11987
12097
12161
12253
12343
12421
12497
12569
12641
12721
12821
12911
12979
13049
13151
13229
13327
13417
13499
13613
13691
13757
13841
13913
14011
14107
14221
14327
14419
14503
14563
14657
14741
14813
14887
14969
15083
15161
15259
15313
15383
15467
15569
15647
15733
15797
15889
15973
16069
16141
16249
16361
16447
16547
16633
16703
16829
16921
16993
17077
17183
17291
17359
17431
17497
17597
17683
17789
17891
17959
18047
18127
18211
18287
18367
18443
18523
18661
18749
18869
18979
19079
19183
19267
19381
19433
19489
19577
19699
19777
19867
19963
20029
20117
20183
20297
20369
20477
20551
20681
20753
20873
20947
21019
21121
21191
21313
21391
21491
21559
21613
21727
21803
21881
21997
22067
22133
22247
22307
22433
22531
22621
22699
22777
22871
22973
23041
23117
23203
23311
23417
23539
23603
23677
23767
23857
23917
24019
24091
24151
24247
24379
24473
24571
24691
24799
24907
24979
25097
25171
25261
25357
25453
25577
25639
25733
25819
25919
25999
26107
26183
26263
26357
26437
26557
26669
26717
26813
26891
26981
27067
27179
27277
27407
27487
27611
27701
27773
27827
27943
28027
28109
28219
28319
28433
28537
28597
28657
28729
28817
28921
29023
29131
29207
29303
29389
29473
29581
29671
29803
29881
30013
30109
30187
30271
30389
30493
30577
30689
30781
30859
30949
31063
31151
31223
31277
31387
31513
31601
31699
31793
31907
32029
32099
32191
32299
32363
32429
32531
32603
32707
32797
32909
32983
33053
33151
33247
33347
33427
33529
33599
33647
33767
33851
33937
34057
34171
34267
34337
34439
34513
34607
34693
34781
34883
35023
35099
35171
35291
35393
35491
35569
35729
35809
35899
35993
36073
36187
36277
36373
36479
36563
36653
36739
36809
36901
36979
37061
37189
37307
37369
37489
37549
37619
37717
37853
37963
38053
38183
38273
38333
38459
38603
38677
38747
38851
38933
39043
39133
39217
39313
39383
39503
39607
39709
39799
39869
39979
40087
40163
40253
40423
40499
40591
40709
40819
40883
40993
41081
41179
41233
41351
41453
41543
41621
41719
41813
41903
41981
42071
42179
42239
42337
42409
42473
42577
42689
42751
42841
42943
43037
43151
43271
43399
43499
43607
43691
43787
43933
43997
44087
44171
44263
44371
44497
44563
44651
44753
44843
44939
45053
45139
45263
45341
45439
45557
45667
45763
45853
45971
46091
46181
46273
46381
46477
46573
46663
46751
46831
46957
47093
47161
47293
47381
47491
47563
47653
47737
47819
47933
48023
48131
48247
48353
48463
48533
48623
48751
48817
48889
49019
49109
49193
49279
49391
49463
49549
49667
49757
49843
49939
50047
50119
50221
50321
50411
50527
50599
50753
50857
50957
51059
51169
51257
51349
51437
51511
51599
51683
51797
51871
51973
52069
52181
52267
52379
52517
52583
52709
52807
52901
52981
53089
53171
53269
53377
53479
53597
53657
53777
53881
53951
54059
54167
54311
54401
54469
54547
54629
54727
54851
54959
55057
55163
55249
55351
55487
55609
55673
55787
55837
55927
56039
56123
56237
56359
56443
56509
56599
56701
56783
56891
56951
57047
57139
57221
57301
57397
57529
57649
57727
57803
57901
58027
58109
58193
58271
58391
58453
58579
58693
58787
58921
59011
59083
59167
59243
59369
59443
59539
59629
59723
59809
59971
60083
60149
60259
60373
60497
60617
60689
60773
60899
60961
61099
61231
61343
61463
61543
61627
61687
61819
61949
62017
62129
62207
62323
62467
62549
62639
62753
62869
62971
63073
63197
63313
63389
63467
63559
63629
63703
63793
63863
64013
64123
64231
64333
64483
64601
64679
64811
64919
65027
65111
65179
65293
65407
65519
65581
65657
65729
65839
65951
66047
66161
66301
66403
66509
66593
66713
66809
66919
67003
67103
67187
67271
67399
67477
67547
67631
67757
67829
67933
68023
68141
68239
68399
68491
68597
68711
68791
68899
69011
69127
69221
69337
69431
69497
69691
69809
69899
70003
70111
70181
70249
70373
70459
70571
70657
70783
70879
70957
71039
71153
71257
71339
71411
71479
71593
71711
71821
71899
71987
72077
72169
72269
72367
72493
72617
72689
72797
72901
72973
73061
73189
73331
73433
73547
73613
73709
73847
73943
74051
74159
74219
74323
74419
74527
74611
74729
74827
74897
75017
75161
75227
75337
75407
75539
75619
75707
75793
75937
76003
76129
76249
76367
76471
76543
76667
76777
76873
76991
77093
77213
77279
77377
77489
77557
77641
77719
77801
77933
78041
78163
78241
78347
78497
78577
78697
78797
78889
79031
79147
79231
79333
79411
79549
79627
79699
79829
79903
79999
80147
80221
80309
80429
80537
80651
80713
80803
80911
81013
81071
81173
81283
81371
81517
81611
81689
81773
81901
81973
82051
82183
82241
82361
82483
82561
82651
82763
82883
83003
83093
83227
83311
83417
83497
83617
83719
83857
83969
84067
84181
84263
84389
84457
84533
84673
84761
84871
85009
85093
85201
85303
85427
85517
85619
85703
85829
85931
86077
86171
86257
86341
86413
86509
86627
86753
86861
86981
87103
87187
87293
87407
87511
87583
87649
87739
87853
87959
88037
88223
88337
88471
88609
88729
88811
88883
89003
89083
89189
89273
89393
89491
89567
89657
89779
89867
89963
90023
90121
90203
90313
90407
90527
90641
90749
90863
90977
91099
91163
91283
91381
91459
91577
91711
91813
91943
92033
92153
92233
92347
92399
92489
92623
92683
92767
92857
92951
93077
93151
93253
93329
93479
93553
93683
93811
93913
93997
94109
94219
94327
94427
94529
94597
94723
94819
94907
95021
95107
95213
95279
95401
95479
95581
95707
95789
95881
95971
96079
96211
96293
96431
96497
96643
96749
96823
96953
97021
97159
97283
97387
97501
97579
97711
97843
97927
98017
98179
98299
98389
98473
98573
98711
98807
98897
98963
99079
99139
99257
99377
99497
99581
99707
99793
99877
99991
100129
100237
100357
100447
100523
100649
100769
100907
100999
101111
101183
101281
101377
101483
101561
101663
101749
101869
101963
102043
102121
102217
102301
102433
102533
102611
102761
102871
102983
103091
103231
103387
103471
103577
103681
103813
103951
104003
104107
104183
104309
104399
104537
104639
104711
104789
104891
104999
105143
105253
105359
105437
105529
105649
105751
105899
105983
106121
106217
106303
106373
106453
106621
106693
106759
106867
106961
107071
107183
107279
107449
107603
107713
107827
107903
108011
108109
108203
108289
108413
108517
108637
108761
108869
108929
109001
109121
109201
109321
109423
109517
109597
109721
109841
109903
110039
110183
110291
110441
110543
110603
110729
110821
110923
111029
111121
111229
111341
111487
111581
111667
111781
111863
111973
112097
112199
112261
112339
112501
112601
112757
112877
112967
113041
113123
113171
113287
113383
113537
113683
113779
113903
113989
114083
114199
114299
114451
114577
114659
114757
114833
114973
115079
115183
115303
115363
115523
115613
115741
115793
115861
115933
116089
116177
116279
116411
116507
116657
116747
116867
116959
117043
117167
117259
117371
117499
117577
117703
117779
117877
117973
118057
118189
118277
118411
118543
118661
118747
118861
118931
119083
119173
119291
119417
119551
119653
119723
119813
119921
120011
120097
120209
120331
120431
120577
120677
120763
120851
120929
121013
121139
121267
121343
121439
121523
121607
121711
121883
121967
122041
122149
122251
122347
122453
122533
122653
122777
122869
122971
123091
123217
123341
123433
123517
123619
123719
123817
123931
124021
124153
124249
124343
124459
124561
124693
124771
124853
124991
125113
125207
125303
125407
125527
125641
125717
125813
125933
126031
126131
126233
126341
126473
126551
126691
126761
126923
127051
127189
127277
127373
127507
127607
127681
127747
127859
127979
128119
128221
128327
128411
128483
128599
128683
128831
128939
128993
129097
129209
129293
129439
129509
129589
129719
129841
129959
130069
130183
130267
130369
130469
130553
130649
130783
130873
131023
131143
131267
131371
131479
131591
131707
131779
131899
132001
132137
132247
132347
132439
132541
132647
132721
132851
132949
133051
133153
133261
133337
133447
133571
133691
133801
133949
134047
134153
134243
134339
134417
134587
134683
134837
134921
135029
135151
135257
135349
135433
135533
135613
135701
135799
135913
136057
136177
136273
136351
136421
136511
136601
136709
136811
136897
136993
137143
137219
137353
137437
137537
137653
137777
137909
137999
138107
138197
138319
138407
138511
138587
138683
138829
138923
139091
139201
139313
139397
139493
139609
139721
139831
139939
140053
140171
140263
140363
140449
140557
140659
140741
140837
140929
141073
141181
141269
141371
141499
141619
141679
141769
141863
141971
142067
142183
142297
142427
142553
142619
142771
142873
142979
143137
143261
143401
143501
143569
143677
143797
143881
144031
144167
144271
144383
144481
144589
144719
144817
144931
145031
145139
145283
145417
145487
145577
145681
145771
145897
145991
146063
146197
146299
146389
146521
146639
146749
146849
146977
147083
147197
147289
147377
147481
147583
147689
147779
147881
148063
148157
148279
148399
148501
148627
148721
148829
148927
149021
149099
149173
149287
149381
149489
149551
149711
149791
149899
150001
150091
150209
150301
150407
150523
150611
150769
150883
150967
151051
151171
151273
151381
151483
151561
151643
151729
151841
151937
152041
152183
152267
152393
152461
152599
152717
152819
152897
152989
153107
153271
153359
153449
153529
153649
153763
153929
154043
154111
154229
154321
154423
154573
154669
154769
154873
154991
155087
155203
155317
155413
155537
155621
155707
155783
155863
156059
156151
156269
156421
156577
156671
156733
156887
157007
157103
157207
157259
157327
157457
157561
157679
157813
157901
158017
158161
158269
158371
158519
158597
158731
158843
158959
159097
159193
159319
159431
159521
159623
159707
159791
159871
160019
160093
160217
160367
160481
160603
160669
160753
160861
160981
161071
161201
161323
161453
161543
161639
161753
161869
161969
162059
162251
162359
162493
162577
162677
162749
162847
162947
163061
163171
163307
163403
163487
163627
163733
163847
163973
164039
164149
164249
164357
164443
164581
164677
164809
164963
165079
165211
165331
165443
165533
165611
165713
165833
165961
166099
166237
166349
166429
166601
166667
166783
166861
166979
167051
167119
167249
167341
167443
167597
167683
167809
167917
168067
168197
168293
168451
168541
168677
168781
168913
169049
169151
169249
169343
169483
169591
169681
169783
169891
169987
170099
170207
170279
170369
170483
170603
170707
170801
170881
171023
171103
171251
171383
171481
171583
171679
171793
171877
172009
172127
172217
172313
172421
172519
172607
172687
172807
172933
173039
173177
173267
173429
173543
173659
173741
173839
173933
174049
174137
174259
174347
174469
174599
174679
174799
174917
175039
175211
175333
175453
175601
175699
175811
175909
175993
176081
176191
176299
176357
176459
176531
176609
176741
176809
176927
177019
177173
177301
177427
177533
177691
177823
177917
178037
178141
178249
178351
178469
178561
178627
178781
178859
178931
179041
179143
179261
179369
179453
179549
179633
179719
179821
179923
179999
180097
180241
180317
180419
180539
180667
180797
181001
181123
181219
181361
181499
181609
181729
181813
181927
182027
182107
182179
182309
182431
182519
182617
182701
182821
182927
183037
183167
183301
183377
183479
183569
183683
183809
183943
184031
184133
184241
184337
184487
184577
184687
184823
184913
185027
185123
185189
185323
185467
185543
185651
185737
185821
185917
186007
186103
186191
186283
186397
186581
186671
186757
186871
187027
187123
187181
187277
187387
187471
187631
187711
187871
187951
188137
188261
188333
188437
188563
188687
188779
188863
188957
189067
189229
189347
189421
189493
189599
189697
189817
189913
189997
190147
190297
190387
190543
190639
190753
190823
190913
191057
191161
191297
191453
191519
191621
191707
191827
191953
192047
192161
192259
192347
192497
192583
192667
192791
192883
192977
193057
193183
193337
193433
193541
193619
193757
193847
193939
194057
194141
194269
194471
194591
194707
194813
194899
195029
195121
195203
195319
195413
195527
195697
195781
195893
195977
196081
196181
196303
196459
196561
196681
196771
196901
197023
197123
197243
197311
197389
197551
197647
197753
197887
197959
198073
198193
198281
198397
198479
198599
198701
198829
198937
199021
199153
199313
199411
199499
199637
199739
199813
199931
200029
200171
200273
200371
200483
200639
200779
200891
200989
201119
201211
201359
201491
201581
201673
201781
201833
201937
202031
202127
202289
202387
202529
202639
202751
202877
202973
203057
203227
203323
203393
203549
203657
203789
203909
203999
204107
204251
204361
204443
204563
204679
204797
204923
205043
205141
205237
205391
205453
205537
205633
205783
205949
206021
206083
206209
206281
206399
206483
206603
206783
206897
206993
207113
207227
207329
207433
207509
207569
207673
207799
207941
208009
208129
208231
208333
208441
208511
208627
208729
208889
208993
209147
209227
209317
209393
209519
209597
209707
209813
209927
210011
210113
210191
210277
210391
210487
210619
210739
210853
210943
211067
211193
211271
211369
211499
211619
211711
211811
211927
212039
212167
212293
212447
212573
212677
212851
212923
213067
213173
213253
213349
213467
213599
213721
213847
213949
214031
214133
214237
214381
214481
214561
214667
214771
214853
214993
215161
215279
215389
215483
215617
215753
215857
215959
216107
216211
216347
216481
216607
216719
216791
216911
217027
217163
217253
217351
217421
217559
217681
217771
217909
218069
218137
218279
218419
218513
218611
218711
218809
218923
219001
219091
219223
219361
219463
219577
219677
219757
219829
219931
219983
220147
220291
220373
220511
220589
220721
220841
220903
221059
221171
221239
221399
221489
221603
221713
221807
221951
222029
222127
222247
222347
222461
222601
222731
222841
222947
223037
223133
223247
223319
223429
223543
223679
223823
223921
224047
224153
224251
224351
224467
224591
224699
224813
224921
225061
225149
225241
225347
225461
225569
225671
225769
225889
225989
226123
226217
226367
226463
226601
226669
226799
226907
227089
227177
227267
227399
227489
227569
227651
227743
227951
228097
228203
228307
228419
228509
228587
228707
228797
228883
228961
229127
229213
229283
229409
229529
229613
229711
229771
229849
229981
230101
230213
230303
230383
230479
230611
230761
230849
230959
231053
231241
231331
231433
231533
231611
231779
231871
231967
232091
232207
232381
232459
232597
232709
232823
232919
233113
233221
233327
233419
233591
233687
233851
233941
234089
234187
234271
234343
234499
234589
234721
234803
234907
234989
235091
235211
235349
235513
235601
235747
235871
235979
236107
236231
236377
236477
236609
236713
236807
236909
237053
237157
237271
237361
237563
237691
237791
237929
238019
238109
238207
238307
238397
238499
238649
238729
238853
238943
239081
239231
239329
239429
239539
239633
239753
239857
239977
240059
240169
240283
240421
240551
240659
240763
240881
240997
241079
241229
241321
241421
241517
241603
241711
241817
241907
241981
242119
242243
242377
242467
242591
242677
242789
242911
243077
243161
243263
243431
243521
243613
243707
243851
243973
244109
244217
244303
244393
244471
244583
244669
244759
244873
245023
245131
245261
245389
245501
245591
245683
245783
245909
246017
246167
246247
246349
246509
246607
246707
246793
246907
246971
247099
247259
247381
247501
247603
247697
247799
247901
248021
248099
248189
248299
248407
248533
248621
248723
248821
248891
249059
249143
249257
249397
249497
249583
249721
249833
249943
250031
250123
250301
250451
250681
250751
250837
250963
251059
251159
251221
251323
251437
251519
251621
251761
251879
251969
252101
252193
252313
252419
252541
252691
252817
252899
253003
253157
253349
253433
253537
253633
253733
253811
253909
254003
254119
254249
254383
254519
254699
254783
254879
254971
255053
255137
255217
255361
255473
255587
255667
255803
255907
255989
256117
256189
256349
256483
256579
256699
256873
256981
257123
257249
257339
257443
257539
257689
257837
257921
258031
258131
258253
258353
258449
258563
258637
258733
258847
258977
259123
259211
259379
259459
259603
259681
259783
259933
260011
260179
260269
260417
260539
260629
260753
260863
260983
261061
261229
261347
261451
261581
261673
261787
261971
262079
262151
262271
262387
262511
262621
262709
262819
262957
263089
263201
263287
263411
263519
263609
263737
263863
263941
264053
264137
264283
264371
264553
264643
264769
264871
264961
265091
265169
265273
265417
265513
265613
265747
265847
265987
266059
266137
266281
266381
266491
266663
266719
266867
266953
267049
267199
267299
267401
267479
267551
267629
267679
267781
267877
267959
268123
268253
268459
268537
268721
268783
268861
268973
269057
269179
269251
269383
269461
269579
269713
269851
269981
270097
270209
270299
270407
270527
270593
270701
270799
270937
271043
271169
271273
271393
271501
271637
271769
271861
271969
272093
272203
272299
272369
272453
272581
272737
272879
272981
273061
273157
273283
273457
273613
273727
273881
273971
274093
274177
274271
274423
274579
274697
274811
274867
274973
275087
275201
275323
275447
275531
275623
275729
275897
275969
276043
276173
276257
276371
276487
276589
276721
276827
276919
277051
277177
277273
277421
277549
277643
277757
277889
278029
278143
278233
278363
278497
278591
278687
278807
278881
279007
279131
279269
279421
279551
279619
279731
279863
280001
280103
280223
280327
280487
280583
280673
280759
280879
280949
281063
281191
281291
281381
281549
281627
281719
281803
281893
281993
282097
282239
282349
282439
282589
282697
282827
282913
283027
283133
283267
283463
283573
283669
283799
283909
284051
284149
284233
284357
284467
284551
284657
284737
284807
284899
285049
285151
285283
285451
285539
285631
285721
285827
285983
286073
286301
286427
286499
286609
286711
286801
286999
287117
287219
287291
287393
287579
287731
287857
288007
288179
288257
288383
288493
288583
288731
288839
288973
289033
289127
289193
289297
289417
289543
289657
289771
289889
290011
290083
290201
290351
290443
290533
290627
290711
290839
290987
291089
291191
291299
291419
291521
291661
291779
291887
292027
292141
292267
292381
292489
292601
292709
292807
292933
293093
293179
293311
293453
293617
293717
293831
293999
294103
294199
294289
294353
294479
294647
294773
294859
294953
295049
295199
295291
295429
295567
295751
295847
295909
296017
296137
296251
296369
296507
296587
296713
296773
296911
297019
297133
297263
297421
297523
297629
297779
297889
297991
298099
298213
298339
298451
298607
298693
298817
298993
299087
299197
299333
299419
299527
299681
299771
299909
300017
300151
300247
300347
300491
300589
300683
300761
300869
300973
301079
301211
301331
301429
301531
301649
301753
301877
301979
302143
302261
302411
302563
302629
302779
302873
302971
303029
303143
303293
303371
303473
303571
303649
303749
303889
304013
304091
304217
304357
304439
304523
304643
304757
304849
304937
305029
305131
305281
305401
305477
305581
305717
305803
305927
306049
306169
306301
306407
306491
306587
306727
306847
306919
307033
307163
307261
307361
307481
307609
307693
307871
308027
308137
308293
308383
308507
308587
308723
308857
308989
309079
309167
309277
309391
309493
309583
309713
309851
309989
310111
310231
310361
310463
310567
310711
310789
310889
311021
311173
311293
311393
311551
311677
311749
311897
312043
312161
312241
312331
312413
312563
312673
312757
312899
312989
313129
313241
313331
313471
313571
313661
313741
313889
313979
314063
314173
314261
314399
314513
314603
314723
314851
314989
315103
315251
315389
315481
315569
315677
315803
315907
316037
316153
316243
316363
316471
316583
316697
316793
316891
317003
317089
317257
317351
317453
317587
317671
317771
317857
317971
318127
318211
318299
318403
318523
318653
318743
318833
318919
319061
319159
319289
319391
319477
319577
319687
319811
319919
320011
320101
320209
320293
320417
320539
320659
320791
320911
321037
321169
321289
321359
321449
321593
321709
321821
321947
322039
322111
322247
322397
322513
322589
322709
322849
322951
323077
323201
323341
323441
323567
323651
323801
323933
324089
324179
324299
324419
324491
324593
324697
324799
324901
324997
325079
325201
325309
325447
325541
325673
325751
325861
325951
326087
326153
326323
326497
326593
326681
326831
326941
327017
327193
327307
327407
327479
327559
327667
327797
327869
327979
328093
328243
328333
328429
328591
328709
328837
328931
329089
329207
329297
329401
329551
329639
329723
329867
329977
330061
330199
330287
330389
330557
330653
330731
330853
330983
331127
331217
331319
331423
331543
331613
331769
331889
331973
332099
332201
332303
332461
332567
332711
332851
332987
333071
333197
333299
333419
333493
333623
333719
333803
333973
334093
334199
334349
334429
334549
334681
334771
334891
335021
335107
335207
335341
335459
335579
335689
335813
335941
336101
336181
336253
336419
336533
336631
336727
336823
336911
337031
337189
337283
337367
337511
337627
337721
337859
337919
338119
338197
338269
338341
338431
338567
338707
338803
338993
339121
339223
339341
339539
339649
339751
339841
340031
340111
340237
340381
340477
340591
340693
340811
340913
340999
341123
341269
341333
341477
341597
341687
341821
341951
342059
342179
342257
342359
342467
342593
342697
342841
342971
343127
343237
343313
343411
343547
343631
343771
343891
343997
344161
344221
344273
344417
344587
344683
344807
344909
345001
345133
345263
345461
345551
345647
345733
345817
345937
346091
346187
346309
346393
346447
346561
346667
346831
346943
347063
347167
347239
347359
347533
347629
347771
347891
347983
348053
348217
348307
348431
348527
348629
348763
348889
349007
349121
349241
349373
349423
349553
349709
349819
349913
349981
350111
350257
350429
350549
350663
350747
350869
350981
351053
351157
351289
351383
351479
351643
351749
351847
351959
352073
352201
352309
352399
352481
352589
352739
352837
352949
353069
353173
353329
353453
353567
353677
353783
353891
354007
354091
354209
354313
354383
354469
354643
354737
354839
354971
355037
355109
355307
355427
355517
355609
355723
355847
355951
356123
356243
356387
356509
356647
356819
356947
357073
357179
357281
357389
357559
357619
357689
357787
357913
358073
358213
358291
358427
358531
358637
358727
358847
358909
359017
359143
359263
359353
359477
359581
359713
359851
360037
360181
360277
360407
360551
360779
360863
360977
361093
361237
361351
361447
361531
361663
361789
361903
361993
362099
362213
362333
362393
362521
362707
362851
362953
363047
363173
363313
363379
363491
363569
363691
363809
363917
364031
364183
364291
364393
364499
364607
364717
364873
364961
365069
365179
365297
365419
365507
365587
365699
365837
366001
366127
366199
366287
366397
366479
366631
366733
366869
366967
367033
367181
367261
367391
367541
367637
367733
367831
367949
368099
368189
368293
368447
368551
368689
368801
368947
369079
369197
369319
369491
369673
369827
369947
370021
370133
370241
370427
370511
370613
370723
370883
371071
371179
371281
371353
371479
371627
371797
371927
372013
372131
372269
372367
372461
372613
372709
372803
372877
373003
373157
373213
373343
373459
373613
373721
373903
373999
374089
374177
374317
374443
374603
374701
374789
374893
374989
375091
375157
375251
375367
375457
375559
375667
375779
375931
376021
376147
376291
376469
376573
376639
376759
376837
376931
377071
377197
377329
377471
377561
377681
377789
377911
378083
378179
378283
378449
378559
378667
378779
378901
379007
379103
379199
379343
379441
379571
379679
379777
379889
379997
380141
380251
380329
380453
380621
380753
380869
380977
381077
381233
381347
381439
381529
381659
381761
381937
382037
382189
382351
382493
382583
382693
382777
382873
383023
383101
383221
383371
383519
383611
383693
383807
383917
384017
384133
384247
384317
384469
384577
384691
384779
384913
385057
385141
385267
385391
385501
385591
385709
385837
385943
386083
386159
386279
386371
386471
386609
386693
386851
386993
387109
387203
387341
387503
387641
387749
387913
388057
388163
388253
388369
388489
388657
388777
388891
388991
389089
389173
389299
389461
389561
389659
389773
389897
389971
390097
390191
390307
390391
390479
390581
390737
390829
390961
391057
391163
391283
391387
391519
391661
391753
391879
391987
392101
392201
392267
392347
392473
392593
392737
392831
392927
393017
393109
393203
393311
393451
393557
393637
393721
393857
393961
394073
394211
394357
394489
394601
394721
394813
394943
395039
395137
395243
395323
395459
395611
395737
395891
396031
396157
396259
396373
396509
396601
396703
396887
396997
397099
397237
397351
397469
397567
397721
397807
397951
398053
398143
398267
398353
398467
398557
398681
398819
398933
399067
399151
399263
399401
399499
399601
399719
399793
399941
400067
400199
400291
400409
400579
400681
400837
400949
401077
401209
401329
401473
401593
401743
401887
401987
402089
402223
402331
402419
402551
402691
402797
402881
403043
403141
403267
403387
403549
403661
403783
403889
404009
404119
404221
404323
404431
404531
404773
404941
405029
405157
405253
405373
405497
405607
405701
405799
405901
406013
406171
406313
406423
406547
406633
406789
406951
407137
407221
407311
407401
407527
407651
407747
407857
407969
408077
408209
408283
408413
408497
408643
408743
408857
408979
409081
409259
409349
409463
409573
409709
409813
409891
409987
410119
410239
410341
410453
410551
410671
410783
410929
411041
411143
411253
411409
411527
411613
411709
411809
411941
412037
412127
412211
412333
412487
412609
412739
412903
413053
413129
413233
413417
413551
413689
413807
413923
414061
414179
414277
414383
414467
414607
414691
414767
414871
414971
415087
415171
415319
415477
415577
415669
415783
415901
415993
416149
416257
416399
416473
416573
416719
416881
417023
417169
417251
417377
417493
417583
417721
417811
417941
418027
418129
418259
418343
418447
418603
418739
418813
418889
418993
419147
419261
419401
419477
419567
419687
419801
419929
420047
420241
420319
420397
420503
420671
420779
420859
421019
421123
421241
421381
421471
421633
421709
421831
422029
422099
422209
422311
422431
422567
422711
422857
422911
423053
423127
423251
423323
423457
423547
423697
423781
423887
424007
424121
424223
424331
424471
424577
424709
424819
424903
425039
425149
425281
425387
425489
425609
425801
425879
426007
426161
426301
426421
426583
426709
426779
426913
427013
427117
427249
427379
427447
427579
427727
427877
427967
428039
428161
428273
428429
428557
428663
428797
428899
429109
429217
429329
429427
429509
429589
429683
429817
429901
429971
430081
430277
430411
430543
430691
430753
430847
430921
431029
431147
431257
431369
431479
431617
431731
431857
431929
432037
432139
432241
432343
432437
432539
432637
432781
432907
433033
433117
433241
433319
433421
433549
433663
433777
433883
434029
434167
434261
434363
434459
434573
434717
434827
434921
434981
435139
435223
435343
435437
435563
435641
435739
435859
435973
436091
436231
436343
436481
436591
436717
436831
436973
437093
437201
437321
437471
437543
437687
437837
437959
438133
438259
438391
438517
438611
438721
438853
438961
439123
439253
439381
439493
439601
439709
439799
439903
440023
440177
440269
440383
440501
440569
440683
440809
440941
441043
441127
441251
441403
441527
441631
441797
441907
442019
442139
442207
442327
442469
442573
442703
442789
442879
442997
443089
443171
443263
443369
443467
443587
443711
443837
443909
444007
444127
444253
444347
444469
444553
444671
444811
444887
445001
445103
445271
445433
445567
445657
445799
445931
446081
446197
446309
446417
446561
446731
446881
446983
447119
447221
447331
447463
447611
447749
447841
447983
448093
448187
448321
448451
448667
448801
448879
449003
449131
449227
449311
449417
449563
449671
449773
449929
450011
450113
450223
450301
450403
450493
450601
450727
450817
450893
450997
451109
451279
451387
451541
451663
451747
451859
451937
452041
452201
452329
452521
452611
452773
452923
453107
453199
453301
453421
453601
453683
453833
453949
454039
454199
454297
454409
454543
454679
454823
454921
455033
455171
455269
455381
455471
455557
455681
455789
455933
456013
456149
456329
456451
456553
456623
456737
456877
457001
457097
457213
457319
457403
457547
457661
457789
457913
458053
458191
458333
458483
458599
458701
458849
458957
459013
459127
459271
459373
459469
459623
459763
459923
460079
460171
460297
460409
460589
460697
460829
460937
461009
461143
461269
461359
461467
461609
461717
461921
462073
462191
462337
462443
462557
462653
462733
462887
463031
463219
463303
463433
463513
463643
463753
463861
463963
464069
464171
464279
464383
464521
464617
464753
464819
464939
465011
465089
465173
465299
465419
465587
465739
465841
465989
466079
466201
466331
466483
466603
466733
466897
467017
467147
467293
467431
467503
467611
467671
467773
467893
468001
468107
468187
468319
468463
468577
468653
468737
468851
468953
469121
469237
469351
469457
469613
469723
469823
469957
470083
470201
470279
470399
470471
470579
470653
470783
470891
470999
471139
471253
471389
471503
471607
471683
471803
471923
472051
472139
472261
472369
472523
472643
472751
472883
473021
473173
473287
473383
473497
473579
473729
473867
473953
474049
474151
474307
474391
474503
474619
474751
474857
474949
475093
475219
475327
475417
475523
475639
475729
475823
475903
476009
476089
476233
476363
476477
476603
476713
476849
476977
477073
477259
477383
477539
477637
477791
477863
478001
478139
478243
478391
478451
478573
478697
478787
478871
478963
479131
479231
479327
479461
479569
479753
479839
479953
480049
480143
480329
480409
480509
480583
480761
480919
481003
481097
481177
481303
481433
481577
481693
481807
481883
482039
482189
482309
482401
482509
482627
482711
482789
482899
483071
483221
483323
483433
483551
483671
483767
483863
484019
484123
484229
484369
484487
484613
484763
484987
485101
485207
485389
485519
485671
485827
485977
486091
486203
486329
486407
486527
486641
486713
486833
486971
487073
487211
487349
487447
487561
487681
487769
487873
488003
488149
488231
488311
488399
488513
488639
488729
488833
488981
489109
489217
489343
489449
489557
489689
489817
489911
490003
490121
490247
490367
490499
490577
490697
490859
490957
491081
491213
491329
491423
491531
491639
491747
491857
492007
492077
492293
492421
492563
492659
492763
492901
493049
493139
493219
493333
493457
493583
493721
493817
493939
494069
494167
494287
494387
494539
494639
494719
494789
494933
495071
495181
495307
495389
495491
495589
495679
495787
495893
495983
496127
496289
496399
496493
496681
496817
496913
497047
497153
497281
497411
497507
497597
497711
497831
497963
498073
498209
498367
498469
498583
498691
498791
498937
499039
499141
499253
499363
499493
499607
499679
499781
499927
500057
500173
500249
500369
500473
500603
500729
500873
500947
501037
501157
501229
501367
501503
501659
501803
501931
502043
502141
502301
502487
502597
502703
502829
502973
503147
503267
503381
503483
503611
503753
503851
503959
504061
504181
504307
504389
504547
504667
504817
504929
505027
505097
505187
505313
505409
505511
505619
505709
505823
505969
506147
506281
506381
506501
506593
506699
506837
506929
507077
507151
507329
507431
507589
507697
507809
507937
508037
508187
508297
508433
508531
508637
508811
508919
509023
509147
509293
509417
509557
509647
509731
509843
509959
510073
510179
510271
510401
510553
510677
510803
510941
511061
511171
511261
511387
511477
511579
511703
511843
511961
512093
512287
512467
512573
512657
512761
512891
512989
513059
513167
513307
513397
513509
513679
513761
513899
514013
514103
514229
514333
514453
514571
514711
514793
514873
515089
515233
515371
515563
515663
515771
515861
515993
516157
516227
516323
516431
516521
516619
516713
516847
516959
517073
517183
517261
517381
517471
517549
517619
517747
517927
518057
518137
518237
518387
518473
518621
518747
518813
518983
519097
519227
519349
519433
519551
519667
519793
519919
520021
520129
520309
520381
520529
520631
520747
520889
521009
521119
521231
521357
521447
521537
521659
521767
521869
521993
522083
522227
522317
522439
522553
522679
522763
522881
523007
523177
523351
523487
523573
523669
523777
523927
524063
524171
524257
524369
524509
524683
524831
524939
524983
525137
525221
525361
525439
525541
525677
525773
525913
526027
526117
526223
526367
526453
526573
526657
526741
526859
526963
527099
527207
527347
527441
527591
527729
527851
527983
528097
528217
528373
528487
528631
528763
528877
528991
529097
529183
529307
529421
529577
529687
529811
529957
530027
530177
530261
530353
530507
530599
530711
530807
530911
531071
531173
531299
531481
531611
531731
531857
531989
532099
532241
532331
532439
532537
532639
532757
532853
533003
533111
533227
533321
533453
533641
533777
533893
533993
534059
534199
534311
534439
534601
534661
534841
534949
535123
535229
535361
535523
535637
535751
535879
535999
536101
536219
536293
536441
536509
536633
536743
536839
536929
537011
537127
537233
537373
537583
537709
537811
537941
538117
538199
538303
538423
538529
538651
538771
538871
539009
539129
539237
539323
539501
539639
539729
539863
540079
540179
540283
540383
540517
540613
540713
540851
541007
541153
541271
541381
541523
541579
541711
541817
541987
542071
542141
542237
542401
542533
542603
542771
542911
542999
543143
543227
543307
543407
543593
543679
543793
543877
543997
544109
544223
544429
544549
544721
544813
544919
545057
545161
545329
545483
545599
545723
545843
545939
546067
546173
546283
546373
546583
546671
546841
546947
547093
547237
547361
547453
547537
547639
547753
547853
548039
548153
548291
548407
548503
548623
548749
548837
548927
549037
549163
549259
549421
549533
549641
549719
549839
549979
550117
550211
550351
550471
550609
550691
550811
550937
551017
551113
551269
551387
551539
551653
551731
551849
551963
552089
552217
552341
552491
552611
552751
552847
552991
553097
553193
553351
553463
553561
553649
553757
553897
554003
554129
554237
554383
554531
554663
554759
554837
554927
555073
555209
555307
555461
555661
555761
555941
556067
556219
556289
556403
556559
556639
556727
556811
556883
556999
557087
557281
557423
557537
557671
557761
557891
558053
558167
558287
558431
558529
558629
558781
558893
559049
559177
559259
559397
559529
559597
559703
559831
559939
560081
560149
560227
560299
560459
560543
560669
560771
560887
561019
561101
561251
561377
561553
561767
561931
562021
562201
562307
562403
562501
562613
562693
562781
562931
563009
563099
563219
563401
563501
563657
563831
563947
564061
564191
564299
564373
564463
564643
564761
564919
565013
565171
565261
565361
565451
565549
565613
565787
565919
566057
566179
566323
566441
566557
566681
566767
566947
567053
567181
567377
567487
567631
567737
567857
567947
568049
568171
568241
568391
568541
568679
568823
568963
569053
569141
569243
569417
569533
569659
569747
569839
569927
570047
570113
570233
570407
570497
570569
570671
570821
570901
571019
571147
571261
571397
571579
571699
571789
571871
572027
572107
572251
572357
572471
572581
572653
572777
572867
572963
573119
573277
573383
573493
573637
573761
573863
573967
574099
574201
574363
574489
574621
574711
574817
574969
575123
575219
575359
575479
575591
575693
575821
575923
576029
576161
576227
576391
576509
576613
576689
576757
576949
577069
577177
577331
577453
577531
577637
577807
577909
578029
578183
578309
578407
578503
578603
578719
578827
578959
579107
579259
579379
579503
579571
579653
579773
579893
580031
580187
580331
580417
580577
580691
580787
580891
581029
581143
581237
581341
581443
581557
581687
581797
581909
582017
582161
582247
582427
582551
582691
582773
582899
583013
583153
583249
583367
583469
583577
583673
583801
583937
584057
584249
584387
584509
584621
584719
584863
584963
585041
585119
585283
585413
585551
585653
585749
585857
585917
586067
586153
586319
586457
586567
586633
586793
586897
586973
587063
587149
587281
587417
587519
587603
587693
587789
587927
588011
588113
588229
588361
588493
588631
588737
588877
588977
589159
589241
589357
589507
589639
589783
589877
590041
590141
590269
590383
590567
590659
590809
590929
591079
591181
591319
591457
591601
591739
591847
592019
592129
592261
592357
592463
592577
592661
592763
592903
593029
593141
593227
593321
593447
593519
593633
593783
593969
594107
594203
594311
594421
594523
594641
594751
594899
594989
595087
595159
595267
595351
595513
595627
595807
595951
596047
596143
596257
596369
596569
596653
596767
596861
596963
597127
597263
597383
597473
597589
597677
597803
597901
598079
598187
598363
598457
598643
598721
598853
598967
599069
599231
599353
599429
599591
599693
599803
599939
600071
600221
600307
600401
600487
600641
600791
600889
600983
601093
601231
601313
601439
601607
601759
601849
601969
602087
602197
602297
602383
602501
602627
602729
602839
602971
603091
603209
603391
603523
603623
603761
603851
603917
604007
604223
604319
604427
604579
604697
604787
604867
605009
605123
605239
605369
605503
605599
605719
605879
605987
606077
606223
606341
606503
606607
606737
606857
606971
607067
607151
607253
607339
607517
607681
607819
607931
608029
608147
608299
608389
608483
608611
608743
608857
608953
609079
609199
609283
609391
609503
609599
609701
609821
609979
610163
610279
610429
610553
610661
610763
610843
610921
611069
611189
611333
611467
611587
611753
611879
611969
612049
612137
612259
612371
612511
612671
612797
612877
613009
613169
613243
613363
613463
613573
613667
613813
613957
614071
614177
614321
614503
614617
614693
614773
614917
615067
615233
615343
615437
615539
615679
615767
615883
616027
616139
616219
616321
616433
616519
616643
616769
616849
616991
617077
617189
617293
617387
617479
617657
617723
617819
617963
618119
618269
618349
618509
618593
618799
618913
619019
619139
619261
619373
619573
619681
619793
619897
620029
620183
620297
620383
620491
620603
620717
620827
620947
621043
621223
621343
621443
621617
621703
621833
621983
622091
622177
622313
622477
622561
622639
622793
622957
623057
623269
623351
623437
623633
623717
623839
623933
624037
624149
624251
624347
624487
624599
624721
624803
624973
625103
625199
625319
625483
625621
625699
625871
625997
626159
626261
626393
626599
626683
626761
626917
627041
627131
627257
627379
627541
627659
627787
627919
628049
628183
628267
628399
628561
628709
628801
628937
629029
629243
629381
629491
629611
629723
629819
629921
630023
630167
630299
630473
630587
630709
630841
630941
631139
631247
631361
631469
631549
631667
631753
631867
631987
632089
632221
632321
632381
632503
632647
632773
632911
633013
633187
633307
633427
633559
633653
633797
633937
634061
634177
634261
634343
634499
634597
634703
634807
634903
635039
635207
635309
635387
635483
635617
635737
635879
635977
636071
636217
636313
636421
636563
636721
636817
636947
637079
637229
637321
637423
637529
637657
637729
637841
638051
638171
638327
638467
638633
638819
638977
639091
639253
639337
639493
639599
639697
639839
639959
640049
640153
640259
640411
640579
640669
640837
640933
641057
641167
641299
641441
641549
641713
641821
641897
642049
642157
642247
642427
642563
642769
642871
642973
643061
643199
643373
643493
643633
643703
643879
643991
644107
644173
644297
644401
644519
644617
644729
644837
644911
645023
645131
645347
645443
645529
645647
645739
645877
646003
646157
646253
646339
646519
646619
646781
646889
646991
647099
647209
647341
647441
647557
647659
647753
647861
648007
648097
648211
648293
648391
648619
648719
648887
648997
649087
649261
649379
649483
649567
649651
649771
649843
649937
650099
650281
650413
650563
650701
650861
650971
651103
651193
651289
651439
651617
651731
651839
651913
652081
652237
652331
652417
652543
652609
652733
652837
652933
653057
653207
653357
653519
653623
653713
653831
653951
654029
654163
654233
654397
654529
654613
654743
654827
654967
655069
655223
655301
655439
655547
655649
655807
655943
656129
656273
656347
656479
656609
656737
656833
656989
657089
657233
657347
657473
657581
657703
657863
658001
658127
658247
658327
658447
658589
658663
658837
658943
659047
659173
659317
659467
659569
659657
659761
659899
660013
660103
660217
660337
660449
660563
660659
660787
660887
660983
661099
661201
661343
661481
661613
661777
661909
662021
662143
662281
662369
662527
662647
662771
662897
662999
663127
663241
663359
663541
663589
663713
663857
663973
664061
664141
664273
664421
664549
664619
664691
664799
664973
665069
665177
665267
665381
665527
665629
665773
665921
666023
666119
666233
666433
666541
666667
666751
666889
667019
667171
667321
667423
667531
667649
667753
667861
667999
668111
668243
668527
668609
668719
668851
668959
669091
669241
669359
669437
669611
669689
669853
669931
670039
670193
670279
670399
670511
670619
670739
670877
671003
671123
671249
671353
671471
671603
671743
671893
671969
672073
672151
672251
672349
672557
672703
672811
672913
673039
673121
673247
673381
673447
673549
673639
673793
673951
674099
674227
674347
674483
674677
674741
674831
674941
675083
675173
675263
675413
675551
675617
675817
675889
676009
676103
676253
676373
676493
676703
676807
676927
676993
677111
677233
677387
677533
677657
677791
677983
678157
678229
678383
678479
678581
678649
678761
678859
678971
679123
679223
679361
679433
679561
679699
679807
679891
679969
680081
680203
680299
680401
680507
680623
680783
680917
681019
681127
681257
681371
681487
681607
681727
681839
681977
682069
682229
682321
682427
682531
682699
682811
683041
683159
683323
683447
683513
683693
683777
683857
683933
684109
684221
684347
684451
684581
684727
684799
684961
685057
685141
685301
685417
685519
685637
685747
685939
686027
686117
686209
686359
686503
686671
686797
686911
687013
687101
687179
687331
687431
687517
687637
687749
687847
688003
688111
688249
688393
688477
688631
688733
688861
688979
689089
689233
689321
689441
689597
689723
689831
689917
690037
690163
690341
690449
690583
690721
690887
691063
691181
691297
691409
691583
691693
691763
691877
691973
692071
692221
692309
692401
692513
692641
692743
692893
693019
693137
693317
693409
693529
693661
693733
693829
693989
694091
694271
694357
694457
694549
694649
694829
694957
695059
695141
695293
695377
695503
695621
695719
695843
695999
696109
696281
696379
696503
696623
696743
696851
696989
697079
697181
697327
697423
697519
697643
697733
697909
698017
698183
698297
698417
698527
698669
698849
699007
699133
699221
699343
699449
699541
699709
699823
700027
700127
700241
700363
700471
700597
700751
700871
700963
701147
701279
701399
701479
701581
701671
701791
701969
702131
702239
702337
702431
702523
702613
702733
702851
702991
703139
703243
703349
703471
703657
703733
703883
704003
704101
704189
704287
704441
704549
704647
704761
704833
704933
705031
705137
705247
705409
705533
705763
705841
705973
706051
706159
706283
706373
706523
706661
706753
706847
706973
707111
707219
707383
707543
707671
707767
707869
707953
708031
708131
708229
708347
708479
708583
708733
708907
708997
709153
709279
709417
709531
709651
709741
709847
709927
710051
710257
710351
710459
710557
710627
710813
710903
710977
711089
711187
711353
711499
711617
711713
711829
711929
712051
712183
712321
712447
712561
712687
712837
712927
713059
713177
713267
713357
713491
713611
713771
713903
714037
714169
714361
714517
714619
714787
714881
714971
715109
715223
715313
715441
715571
715679
715811
715879
715969
716123
716291
716447
716531
716659
716743
716869
716987
717127
717271
717419
717533
717659
717811
717967
718121
718271
718381
718463
718621
718747
718901
719027
719153
719237
719393
719567
719681
719753
719893
720007
720133
720241
720319
720439
720611
720743
720857
720947
721043
721139
721213
721307
721387
721571
721687
721849
721991
722093
722213
722317
722411
722537
722669
722819
722971
723071
723157
723257
723353
723451
723559
723721
723829
723917
724007
724153
724309
724459
724547
724627
724747
724847
724991
725113
725273
725359
725479
725639
725789
725909
726013
726137
726287
726379
726497
726619
726701
726841
726983
727063
727201
727289
727427
727561
727703
727781
727891
728047
728209
728369
728521
728639
728729
728839
728911
728993
729173
729293
729403
729527
729607
729713
729851
729947
730091
730277
730447
730571
730669
730789
730879
730999
731173
731249
731359
731509
731623
731737
731831
731923
732077
732191
732271
732439
732533
732709
732829
732959
733111
733189
733321
733399
733519
733741
733841
733937
734021
734177
734273
734423
734537
734663
734771
734887
735001
735109
735193
735311
735419
735479
735659
735781
735919
736027
736111
736259
736381
736469
736699
736847
736961
737059
737179
737291
737423
737533
737641
737753
737861
737999
738121
738263
738383
738499
738643
738797
738917
739021
739111
739201
739327
739393
739511
739631
739771
739861
740021
740143
740287
740423
740533
740659
740749
740951
741061
741137
741337
741457
741547
741679
741827
741929
742069
742201
742283
742409
742541
742673
742783
742949
743069
743161
743263
743377
743591
743747
743851
743989
744179
744301
744409
744599
744707
744823
744959
745103
745243
745369
745543
745697
745753
745939
746041
746167
746231
746363
746503
746659
746777
746891
746989
747161
747319
747427
747529
747647
747811
747871
748003
748183
748283
748441
748541
748639
748763
748831
748963
749083
749183
749297
749423
749543
749729
749843
749939
750097
750163
750313
750487
750653
750749
750853
751001
751133
751199
751301
751367
751529
751637
751747
751853
751957
752093
752197
752291
752447
752569
752699
752819
752911
753031
753191
753373
753497
753617
753707
753803
753947
754067
754133
754241
754337
754427
754577
754717
754877
754969
755071
755173
755311
755399
755539
755663
755789
755903
756101
756227
756323
756467
756629
756719
756881
757063
757241
757327
757429
757553
757699
757811
757951
758099
758203
758299
758431
758551
758687
758753
758887
758987
759113
759229
759377
759503
759589
759673
759763
759929
760079
760169
760267
760411
760511
760607
760759
760891
760993
761119
761213
761351
761417
761489
761603
761713
761863
761993
762101
762257
762397
762547
762659
762821
762917
763031
763157
763303
763417
763523
763619
763753
763879
763943
764051
764171
764317
764447
764591
764717
764857
764977
765059
765151
765241
765329
765467
765587
765749
765857
765949
766079
766187
766277
766387
766487
766609
766763
766873
766967
767111
767287
767381
767527
767623
767759
767863
768041
768161
768241
768353
768431
768571
768671
768841
768953
769073
769207
769309
769453
769577
769673
769799
769963
770053
770167
770261
770417
770537
770639
770771
770873
770993
771079
771227
771359
771473
771583
771679
771853
771961
772081
772207
772349
772451
772591
772697
772859
772987
773081
773231
773363
773491
773599
773713
773837
773939
774047
774143
774233
774427
774577
774671
774797
774901
775057
775157
775309
775451
775603
775729
775861
775987
776119
776219
776357
776497
776599
776759
776887
777011
777143
777209
777349
777433
777583
777683
777839
777977
778081
778187
778313
778409
778537
778663
778733
778871
778963
779081
779231
779353
779543
779617
779747
779869
779983
780127
780253
780389
780553
780679
780809
780887
781003
781117
781229
781327
781423
781519
781631
781799
781897
781999
782107
782189
782311
782443
782611
782723
782921
783023
783149
783269
783379
783553
783661
783733
783791
784009
784129
784243
784351
784451
784543
784661
784831
784957
785107
785207
785303
785363
785503
785623
785753
785861
786013
786127
786251
786407
786553
786697
786829
786941
787057
787181
787331
787447
787537
787667
787783
787903
788027
788129
788261
788363
788429
788549
788687
788863
788941
789031
789137
789331
789473
789587
789689
789829
789977
790087
790219
790333
790451
790567
790693
790793
790897
791009
791117
791257
791377
791519
791657
791803
791927
792037
792119
792247
792317
792479
792581
792667
792751
792919
793069
793189
793337
793493
793601
793711
793789
793931
794023
794113
794191
794341
794473
794557
794669
794881
795007
795121
795233
795343
795517
795647
795713
795803
795941
796067
796189
796337
796447
796561
796687
796781
796871
796969
797053
797201
797359
797509
797581
797701
797851
797977
798097
798191
798271
798443
798533
798697
798799
798961
799147
799303
799427
799529
799637
799753
799873
800011
800119
800221
800333
800473
800539
800647
800711
800861
800971
801061
801197
801341
801469
801607
801709
801859
802027
802141
802253
802441
802583
802667
802787
802933
803059
803237
803359
803461
803591
803717
803867
803987
804091
804197
804329
804473
804577
804697
804823
804913
805027
805099
805219
805309
805403
805517
805639
805799
805891
806023
806129
806261
806371
806513
806671
806821
806977
807113
807217
807379
807479
807571
807733
807901
808019
808177
808309
808399
808553
808651
808751
808937
809063
809189
809273
809399
809491
809603
809749
809833
809981
810079
810223
810349
810409
810503
810583
810763
810907
811037
811163
811259
811411
811523
811651
811757
811897
812011
812167
812257
812353
812467
812597
812699
812857
813041
813133
813251
813361
813499
813613
813797
813907
814019
814097
814213
814379
814493
814603
814747
814859
814943
815141
815261
815401
815501
815621
815693
815891
816019
816131
816217
816353
816521
816653
816779
816869
816947
817081
817163
817303
817433
817603
817723
817837
817913
818093
818219
818327
818399
818581
818723
818959
819037
819173
819289
819407
819473
819583
819673
819781
819911
820067
820187
820273
820367
820489
820637
820733
820891
820997
821089
821173
821333
821477
821641
821771
821861
821999
822131
822223
822317
822391
822557
822667
822739
822823
822949
823117
823231
823349
823481
823591
823703
823759
823843
823997
824123
824233
824419
824531
824671
824777
824911
825001
825101
825229
825329
825413
825533
825647
825749
825889
826019
826129
826283
826379
826499
826613
826711
826811
826939
827041
827227
827369
827501
827639
827779
827857
827969
828067
828199
828383
828557
828691
828797
828889
829001
829123
829237
829457
829601
829709
829813
829949
830099
830233
830329
830413
830513
830617
830777
830887
831023
831139
831287
831409
831541
831631
831707
831799
831893
832079
832157
832327
832411
832499
832631
832709
832801
832927
833023
833179
833299
833453
833563
833713
833839
833933
834131
834257
834367
834527
834641
834781
834913
835013
835141
835321
835451
835591
835687
835819
835931
836047
836159
836243
836377
836509
836677
836753
836873
837043
837139
837307
837439
837583
837679
837847
838003
838099
838207
838393
838471
838597
838693
838813
838931
839029
839221
839369
839473
839603
839693
839837
839957
840083
840197
840319
840473
840611
840743
840859
840979
841079
841207
841277
841391
841559
841697
841879
842003
842089
842183
842321
842399
842483
842587
842759
842879
842987
843131
843257
843377
843487
843607
843757
843841
844043
844139
844243
844369
844463
844523
844639
844771
844913
845069
845197
845303
845431
845623
845753
845893
845987
846161
846323
846401
846499
846689
846841
846943
847031
847109
847213
847321
847493
847589
847697
847853
847969
848123
848251
848399
848531
848629
848737
848839
848923
849049
849161
849271
849427
849587
849727
849839
849973
850061
850181
850271
850387
850457
850673
850849
850979
851113
851209
851303
851401
851537
851647
851797
851881
852037
852179
852263
852427
852581
852673
852809
852889
853031
853159
853319
853481
853663
853759
853843
853981
854089
854171
854351
854431
854587
854729
854899
854999
855143
855271
855377
855499
855667
855731
855863
855989
856111
856213
856343
856441
856549
856699
856799
856903
857011
857099
857267
857357
857513
857653
857737
857867
857963
858103
858239
858311
858479
858673
858769
858899
859003
859109
859273
859393
859559
859657
859787
859913
860011
860107
860309
860381
860501
860599
860753
860861
860941
861043
861139
861317
861493
861599
861733
861853
861937
862033
862159
862241
862319
862423
862541
862633
862783
862919
863017
863179
863363
863539
863711
863833
863909
864037
864119
864211
864319
864439
864581
864679
864811
864959
865061
865201
865301
865363
865511
865643
865751
865829
865957
866057
866183
866329
866477
866653
866759
866909
867007
867131
867253
867343
867457
867563
867653
867781
867913
868069
868171
868291
868397
868529
868639
868783
868873
868957
869069
869233
869317
869437
869551
869689
869809
869927
870049
870161
870253
870403
870497
870629
870773
870889
870977
871147
871271
871477
871621
871763
871919
872033
872141
872227
872323
872419
872549
872647
872761
872959
873109
873263
873407
873527
873641
873727
873959
874091
874213
874331
874427
874583
874693
874777
874879
875033
875209
875297
875377
875491
875593
875683
875773
875929
876019
876121
876229
876331
876481
876619
876749
876833
877003
877133
877291
877367
877531
877651
877843
877937
878077
878159
878279
878413
878567
878659
878777
878863
878989
879113
879239
879341
879493
879623
879691
879817
879953
880043
880151
880283
880409
880541
880667
880729
880861
880961
881077
881191
881317
881417
881533
881681
881897
882017
882103
882241
882377
882491
882617
882733
882883
883013
883121
883241
883343
883451
883613
883703
883871
883991
884129
884243
884341
884453
884591
884789
884921
885061
885163
885263
885397
885509
885679
885803
885893
885971
886069
886199
886339
886453
886541
886651
886799
886969
887059
887177
887323
887459
887581
887669
887759
887921
888059
888161
888287
888409
888493
888659
888773
888871
888989
889081
889261
889351
889481
889657
889783
889909
890027
890147
890303
890459
890653
890789
890867
890969
891091
891239
891379
891491
891571
891659
891797
891887
891991
892097
892237
892357
892513
892609
892757
892877
893023
893111
893219
893351
893441
893603
893743
893897
894037
894151
894221
894301
894427
894547
894689
894793
894997
895127
895241
895319
895423
895579
895673
895777
895879
896003
896143
896323
896447
896543
896669
896837
896983
897101
897229
897319
897467
897563
897649
897781
897931
898069
898181
898253
898369
898483
898613
898753
898873
899051
899179
899291
899473
899671
899779
899893
900037
900157
900283
900443
900569
900659
900761
900917
901009
901141
901247
901399
901471
901591
901741
901907
902009
902137
902299
902413
902563
902659
902771
902933
903037
903197
903347
903449
903569
903709
903883
904049
904121
904261
904441
904531
904643
904727
904811
904907
905059
905161
905249
905413
905581
905677
905767
905923
906029
906197
906313
906391
906497
906617
906727
906823
906931
907099
907211
907297
907397
907493
907651
907727
907843
907969
908101
908221
908377
908491
908573
908669
908797
908863
908993
909089
909217
909301
909383
909529
909637
909767
909863
909973
910103
910201
910369
910561
910661
910799
910981
911089
911173
911291
911363
911527
911681
911777
911879
911969
912103
912251
912403
912487
912581
912809
912911
913013
913177
913331
913457
913639
913853
914021
914213
914327
914443
914533
914629
914783
914861
914981
915113
915221
915353
915533
915623
915737
915911
916033
916127
916217
916361
916469
916583
916771
916907
917039
917117
917227
917333
917503
917617
917729
917803
917893
918067
918157
918263
918371
918497
918647
918767
918889
919013
919111
919231
919351
919511
919679
919799
919913
920021
920197
920279
920399
920497
920677
920783
920891
921007
921143
921233
921379
921517
921643
921751
921889
922027
922081
922247
922333
922487
922601
922679
922813
923023
923141
923233
923371
923467
923567
923687
923833
923947
924023
924101
924281
924401
924503
924643
924731
924811
924961
925073
925147
925241
925373
925499
925607
925721
925891
925987
926111
926203
926353
926467
926581
926689
926819
926963
927083
927229
927373
927533
927653
927779
927869
928097
928177
928313
928453
928597
928679
928817
928933
929059
929153
929281
929399
929527
929627
929741
929861
929983
930113
930211
930337
930499
930619
930763
930889
931067
931181
931309
931499
931621
931751
931873
931949
932101
932207
932333
932447
932557
932651
932801
932927
933019
933199
933301
933421
933601
933739
933847
933953
934051
934151
934291
934441
934537
934613
934763
934883
934951
935071
935197
935359
935461
935593
935699
935819
936007
936179
936281
936407
936521
936659
936739
936907
937007
937151
937331
937477
937613
937681
937813
937903
938027
938099
938251
938351
938491
938617
938827
938947
939019
939179
939317
939431
939599
939737
939839
939973
940087
940229
940327
940477
940553
940727
940817
940931
941041
941167
941267
941429
941503
941599
941701
941839
941981
942049
942169
942311
942439
942583
942719
942853
942943
943073
943183
943301
943387
943541
943693
943781
943871
944029
944161
944309
944431
944533
944651
944731
944893
945037
945227
945377
945479
945631
945767
945883
945961
946093
946223
946391
946507
946667
946769
946877
946993
947183
947357
947417
947579
947711
947803
947917
948049
948151
948293
948427
948547
948721
948887
949001
949129
949253
949427
949523
949643
949759
949903
949979
950083
950227
950347
950473
950557
950689
950791
950921
951023
951101
951277
951373
951491
951637
951787
951941
952073
952163
952277
952397
952547
952669
952789
952883
952981
953111
953261
953437
953539
953671
953831
953969
954097
954209
954287
954433
954571
954713
954851
954971
955063
955193
955307
955433
955511
955709
955813
955937
956003
956177
956341
956429
956689
956843
956953
957071
957169
957317
957431
957599
957721
957871
957991
958121
958261
958357
958481
958549
958679
958829
958931
959099
959219
959339
959467
959597
959723
959867
959947
960077
960199
960341
960499
960637
960737
960931
961021
961099
961159
961283
961451
961549
961657
961739
961817
961943
962041
962197
962363
962477
962603
962681
962807
962921
963097
963211
963311
963419
963601
963701
963793
963877
964027
964207
964289
964373
964519
964661
964787
964897
965023
965147
965227
965369
965467
965611
965759
965893
966029
966209
966307
966379
966491
966617
966781
966913
967019
967259
967361
967481
967627
967753
967859
967979
968101
968197
968299
968419
968519
968659
968809
968917
969071
969181
969343
969443
969559
969679
969797
969911
970051
970201
970267
970433
970561
970699
970817
970909
970999
971093
971197
971309
971419
971521
971683
971821
971933
972029
972131
972229
972343
972443
972599
972701
972869
973001
973081
973277
973387
973529
973681
973813
974003
974137
974213
974359
974443
974539
974657
974803
974879
974977
975083
975217
975343
975463
975599
975731
975857
975977
976109
976253
976403
976489
976607
976727
976919
977069
977209
977357
977507
977629
977803
977927
978049
978149
978233
978347
978463
978611
978727
978853
978997
979109
979211
979333
979439
979553
979807
979949
980117
980249
980401
980503
980641
980773
980899
981023
981137
981263
981377
981473
981599
981707
981887
981983
982103
982213
982343
982559
982643
982783
982871
983069
983173
983267
983407
983513
983617
983791
983911
984047
984199
984337
984407
984497
984667
984817
984923
985063
985213
985339
985463
985547
985679
985799
985951
986047
986149
986267
986429
986543
986633
986749
986851
986981
987067
987193
987353
987509
987631
987821
987983
988069
988217
988319
988459
988579
988693
988837
988963
989123
989309
989411
989557
989671
989797
989909
989981
990151
990281
990349
990469
990589
990733
990887
990989
991073
991201
991357
991493
991607
991717
991871
991951
992021
992179
992309
992437
992591
992723
992863
992983
993121
993241
993367
993481
993679
993823
993919
994051
994183
994297
994369
994501
994657
994751
994867
994963
995119
995303
995381
995531
995611
995719
995903
996001
996157
996253
996361
996529
996631
996803
996887
997021
997103
997163
997307
997391
997553
997651
997769
997891
998017
998147
998273
998411
998537
998653
998779
998909
998989
999101
999239
999389
999541
999667
999809
999961
1000117
1000199
1000303
1000409
1000547
1000667
1000793
1000921
1001027
1001153
1001279
1001369
1001467
1001587
1001713
1001831
1001983
1002101
1002241
1002347
1002457
1002527
1002679
1002773
1002863
1002973
1003097
1003241
1003361
1003463
1003619
1003741
1003841
1003957
1004117
1004273
1004401
1004527
1004669
1004761
1004981
1005073
1005203
1005293
1005409
1005503
1005637
1005761
1005959
1006091
1006177
1006253
1006337
1006463
1006559
1006721
1006861
1006969
1007089
1007203
1007353
1007467
1007609
1007723
1007801
1007891
1008013
1008181
1008247
1008379
1008467
1008587
1008743
1008853
1008937
1009061
1009193
1009291
1009373
1009499
1009621
1009747
1009901
1010003
1010179
1010357
1010473
1010623
1010753
1010843
1010981
1011077
1011217
1011331
1011431
1011599
1011719
1011827
1011979
1012097
1012213
1012307
1012423
1012513
1012601
1012699
1012789
1012981
1013143
1013267
1013431
1013569
1013687
1013791
1013891
1014037
1014157
1014263
1014361
1014521
1014649
1014779
1014889
1015051
1015127
1015349
1015451
1015517
1015627
1015753
1015891
1016011
1016111
1016221
1016359
1016497
1016621
1016777
1016909
1017011
1017139
1017293
1017353
1017473
1017617
1017721
1017857
1018019
1018207
1018313
1018477
1018649
1018733
1018859
1018957
1019069
1019209
1019329
1019423
1019531
1019663
1019731
1019849
1020007
1020079
1020233
1020361
1020457
1020619
1020757
1020853
1020973
1021067
1021157
1021271
1021333
1021441
1021621
1021753
1021861
1022017
1022137
1022243
1022387
1022507
1022633
1022761
1022891
1023037
1023163
1023259
1023329
1023461
1023577
1023751
1023943
1024073
1024189
1024337
1024433
1024589
1024711
1024871
1024957
1025081
1025153
1025267
1025383
1025483
1025611
1025741
1025873
1025957
1026119
1026229
1026371
1026457
1026587
1026757
1026859
1026979
1027127
1027211
1027357
1027487
1027613
1027751
1027853
1028023
1028107
1028207
1028317
1028473
1028617
1028761
1028903
1029013
1029167
1029289
1029383
1029499
1029583
1029731
1029859
1029983
1030061
1030201
1030357
1030493
1030639
1030763
1030867
1030993
1031141
1031309
1031447
1031533
1031677
1031809
1032007
1032193
1032329
1032419
1032527
1032649
1032751
1032851
1033001
1033079
1033273
1033349
1033441
1033517
1033663
1033783
1033927
1034101
1034207
1034309
1034419
1034549
1034653
1034809
1034879
1035007
1035191
1035313
1035413
1035527
1035631
1035763
1035959
1036073
1036213
1036291
1036363
1036513
1036661
1036769
1036883
1037041
1037143
1037317
1037447
1037567
1037741
1037857
1037963
1038073
1038209
1038311
1038463
1038599
1038689
1038811
1039001
1039081
1039249
1039387
1039517
1039667
1039837
1039999
1040093
1040183
1040353
1040483
1040629
1040771
1040827
1040939
1041091
1041167
1041281
1041373
1041529
1041643
1041787
1041889
1042021
1042121
1042243
1042369
1042519
1042619
1042759
1042901
1043083
1043183
1043299
1043479
1043591
1043701
1043831
1043899
1044041
1044167
1044257
1044367
1044457
1044613
1044739
1044833
1044941
1045063
1045183
1045307
1045411
1045543
1045643
1045799
1045981
1046081
1046237
1046389
1046527
1046659
1046807
1046951
1047077
1047157
1047283
1047373
1047511
1047653
1047737
1047881
1047989
1048063
1048219
1048387
1048571
1048661
1048799
1048897
1049057
1049137
1049227
1049429
1049519
1049623
1049747
1049849
1049963
1050083
1050239
1050349
1050473
1050727
1050817
1050977
1051079
1051247
1051397
1051507
1051619
1051747
1051849
1051979
1052111
1052237
1052329
1052489
1052609
1052767
1052893
1053061
1053181
1053301
1053461
1053551
1053697
1053809
1053989
1054073
1054213
1054321
1054423
1054531
1054649
1054813
1054951
1055113
1055251
1055371
1055489
1055609
1055783
1055893
1055981
1056089
1056217
1056323
1056463
1056569
1056667
1056829
1056959
1057093
1057237
1057391
1057541
1057643
1057781
1057951
1058041
1058153
1058287
1058389
1058543
1058657
1058747
1058809
1059001
1059103
1059217
1059313
1059467
1059613
1059733
1059857
1060019
1060133
1060249
1060357
1060441
1060567
1060723
1060937
1061087
1061189
1061317
1061453
1061597
1061699
1061783
1061909
1062073
1062293
1062427
1062599
1062731
1062877
1062979
1063079
1063193
1063351
1063463
1063553
1063661
1063781
1063891
1063967
1064087
1064201
1064333
1064467
1064587
1064731
1064873
1064977
1065059
1065209
1065331
1065511
1065643
1065773
1065851
1065979
1066141
1066283
1066379
1066523
1066651
1066789
1066913
1067029
1067167
1067329
1067459
1067557
1067669
1067767
1067893
1068037
1068191
1068259
1068377
1068491
1068629
1068721
1068871
1069001
1069129
1069223
1069421
1069507
1069583
1069693
1069823
1069951
1070063
1070203
1070291
1070389
1070497
1070569
1070777
1070921
1071061
1071193
1071283
1071379
1071487
1071641
1071761
1071899
1072009
1072199
1072367
1072457
1072637
1072829
1072931
1072999
1073141
1073239
1073381
1073507
1073603
1073773
1073881
1074041
1074121
1074289
1074427
1074559
1074691
1074833
1074917
1074991
1075093
1075177
1075303
1075433
1075519
1075649
1075703
1075843
1076017
1076111
1076203
1076353
1076461
1076563
1076717
1076843
1076981
1077161
1077301
1077449
1077607
1077733
1077827
1077971
1078081
1078183
1078373
1078507
1078699
1078813
1078937
1079033
1079107
1079251
1079359
1079473
1079621
1079717
1079849
1079957
1080049
1080137
1080263
1080347
1080463
1080589
1080757
1080817
1080913
1081051
1081139
1081277
1081369
1081583
1081711
1081781
1081907
1082047
1082153
1082243
1082387
1082533
1082647
1082761
1082993
1083083
1083241
1083319
1083443
1083571
1083721
1083847
1083947
1084087
1084247
1084367
1084477
1084621
1084723
1084829
1084987
1085111
1085197
1085389
1085521
1085681
1085809
1085911
1086091
1086191
1086277
1086373
1086509
1086619
1086763
1086901
1087019
1087231
1087357
1087459
1087591
1087729
1087817
1087937
1088053
1088209
1088371
1088447
1088569
1088657
1088761
1088917
1089029
1089197
1089383
1089481
1089653
1089799
1089967
1090129
1090241
1090403
1090493
1090697
1090799
1090891
1090967
1091053
1091161
1091261
1091369
1091459
1091581
1091681
1091809
1091983
1092103
1092209
1092337
1092419
1092583
1092731
1092853
1092961
1093067
1093177
1093289
1093403
1093537
1093657
1093739
1093847
1093969
1094059
1094147
1094333
1094449
1094549
1094657
1094759
1094881
1094969
1095091
1095239
1095401
1095487
1095583
1095739
1095839
1095961
1096127
1096289
1096399
1096507
1096631
1096793
1096883
1097017
1097141
1097267
1097413
1097533
1097653
1097791
1097893
1098023
1098187
1098301
1098443
1098541
1098707
1098847
1099081
1099199
1099327
1099433
1099519
1099627
1099729
1099823
1099997
1100093
1100179
1100311
1100443
1100557
1100747
1100839
1100947
1101169
1101319
1101409
1101517
1101619
1101743
1101871
1101967
1102147
1102243
1102333
1102457
1102571
1102721
1102847
1102939
1103029
1103143
1103281
1103461
1103579
1103633
1103849
1103981
1104113
1104217
1104343
1104449
1104599
1104731
1104787
1104889
1105019
1105171
1105267
1105397
1105547
1105613
1105693
1105861
1105963
1106137
1106233
1106363
1106471
1106569
1106741
1106827
1106939
1107049
1107199
1107389
1107497
1107583
1107773
1107851
1107989
1108103
1108223
1108357
1108463
1108559
1108633
1108729
1108817
1108993
1109159
1109257
1109387
1109491
1109629
1109789
1109887
1110013
1110133
1110301
1110413
1110533
1110643
1110779
1110917
1110979
1111057
1111183
1111301
1111427
1111547
1111667
1111771
1111933
1112057
1112141
1112273
1112381
1112513
1112597
1112723
1112827
1112953
1113059
1113187
1113319
1113461
1113599
1113773
1113883
1113997
1114159
1114283
1114427
1114549
1114661
1114759
1114891
1114999
1115117
1115273
1115399
1115501
1115579
1115711
1115831
1115941
1116163
1116289
1116431
1116541
1116653
1116851
1116977
1117069
1117199
1117309
1117471
1117591
1117681
1117799
1117901
1118003
1118101
1118219
1118371
1118527
1118717
1118809
1118893
1119029
1119179
1119343
1119529
1119659
1119799
1119913
1120087
1120237
1120337
1120499
1120547
1120661
1120741
1120831
1120939
1121033
1121179
1121293
1121387
1121543
1121699
1121867
1122041
1122137
1122269
1122427
1122551
1122683
1122857
1123079
1123219
1123349
1123439
1123553
1123651
1123741
1123897
1123979
1124119
1124251
1124369
1124531
1124653
1124789
1124951
1125029
1125167
1125283
1125401
1125529
1125647
1125797
1125913
1126043
1126253
1126381
1126483
1126579
1126703
1126837
1126991
1127111
1127221
1127311
1127407
1127531
1127641
1127803
1127947
1128091
1128227
1128313
1128497
1128577
1128661
1128737
1128823
1128949
1129109
1129213
1129367
1129487
1129577
1129729
1129841
1129963
1130099
1130273
1130369
1130501
1130639
1130741
1130863
1131023
1131131
1131253
1131343
1131463
1131617
1131737
1131829
1131919
1132063
1132249
1132409
1132507
1132601
1132679
1132823
1132969
1133047
1133183
1133287
1133467
1133551
1133659
1133819
1133903
1134037
1134149
1134247
1134421
1134517
1134649
1134781
1134907
1135019
1135111
1135237
1135339
1135469
1135657
1135819
1135891
1135999
1136117
1136231
1136363
1136477
1136623
1136719
1136843
1136983
1137139
1137247
1137407
1137551
1137677
1137811
1137911
1138057
1138183
1138409
1138519
1138667
1138751
1138867
1138997
1139141
1139269
1139387
1139503
1139623
1139773
1139869
1140091
1140163
1140311
1140421
1140563
1140691
1140859
1140967
1141039
1141123
1141267
1141351
1141477
1141631
1141801
1141949
1142041
1142191
1142311
1142431
1142573
1142759
1142851
1142959
1143067
1143167
1143283
1143473
1143601
1143763
1143943
1144061
1144193
1144291
1144399
1144519
1144643
1144757
1144903
1145003
1145141
1145281
1145369
1145497
1145659
1145789
1145899
1146091
1146307
1146419
1146539
1146709
1146791
1146857
1146967
1147099
1147193
1147273
1147417
1147507
1147621
1147759
1147931
1148089
1148263
1148387
1148561
1148687
1148773
1148957
1149037
1149191
1149307
1149457
1149559
1149641
1149803
1149919
1150057
1150159
1150249
1150417
1150547
1150661
1150757
1150867
1150957
1151083
1151203
1151317
1151413
1151537
1151651
1151747
1151933
1152071
1152161
1152337
1152509
1152643
1152761
1152887
1153007
1153123
1153219
1153309
1153457
1153573
1153687
1153811
1154029
1154173
1154267
1154359
1154513
1154603
1154771
1154911
1155053
1155169
1155311
1155449
1155607
1155689
1155841
1155929
1156009
1156087
1156231
1156333
1156451
1156567
1156709
1156807
1156963
1157077
1157203
1157279
1157381
1157539
1157671
1157771
1157873
1158037
1158197
1158307
1158419
1158529
1158613
1158719
1158841
1158991
1159087
1159229
1159339
1159489
1159633
1159811
1159919
1160057
1160207
1160303
1160429
1160513
1160659
1160837
1160977
1161047
1161163
1161269
1161403
1161497
1161599
1161749
1161851
1161949
1162081
1162253
1162367
1162501
1162573
1162669
1162771
1162897
1162969
1163077
1163147
1163251
1163417
1163521
1163629
1163713
1163831
1163971
1164077
1164217
1164419
1164521
1164617
1164791
1164869
1165001
1165121
1165207
1165357
1165471
1165711
1165819
1165909
1165993
1166107
1166287
1166413
1166533
1166617
1166773
1166861
1167013
1167193
1167293
1167421
1167581
1167689
1167791
1167853
1168001
1168183
1168319
1168403
1168537
1168721
1168831
1168931
1169023
1169177
1169323
1169411
1169521
1169669
1169767
1169933
1170067
1170167
1170311
1170451
1170563
1170667
1170779
1170863
1171057
1171189
1171267
1171451
1171579
1171721
1171837
1171979
1172047
1172233
1172393
1172467
1172573
1172713
1172867
1172959
1173127
1173259
1173407
1173551
1173709
1173841
1173961
1174091
1174231
1174331
1174463
1174549
1174681
1174781
1174897
1175029
1175173
1175353
1175467
1175591
1175711
1175807
1175927
1176029
1176137
1176293
1176407
1176557
1176671
1176793
1176937
1177067
1177159
1177247
1177453
1177543
1177667
1177751
1177919
1178039
1178141
1178213
1178347
1178479
1178621
1178707
1178833
1178953
1179047
1179223
1179317
1179403
1179547
1179641
1179839
1179929
1180013
1180099
1180237
1180369
1180477
1180631
1180723
1180847
1180903
1180997
1181137
1181263
1181407
1181519
1181633
1181767
1181911
1182023
1182253
1182347
1182439
1182539
1182691
1182787
1182919
1183057
1183159
1183267
1183397
1183537
1183697
1183771
1183933
1184003
1184119
1184243
1184363
1184459
1184539
1184731
1184867
1184959
1185109
1185299
1185377
1185511
1185637
1185697
1185823
1185929
1186057
1186147
1186337
1186489
1186657
1186789
1186937
1187089
1187227
1187321
1187411
1187509
1187657
1187749
1187867
1187981
1188049
1188197
1188287
1188409
1188559
1188667
1188839
1188973
1189063
1189189
1189327
1189471
1189613
1189703
1189807
1189907
1190047
1190237
1190381
1190507
1190639
1190753
1190873
1190983
1191097
1191191
1191313
1191481
1191601
1191719
1191809
1191973
1192099
1192187
1192271
1192417
1192561
1192717
1192847
1192937
1193081
1193209
1193329
1193473
1193573
1193707
1193783
1193909
1194023
1194203
1194329
1194443
1194581
1194727
1194803
1194917
1195037
1195169
1195277
1195483
1195589
1195723
1195849
1196003
1196141
1196281
1196401
1196519
1196653
1196813
1196911
1197037
1197167
1197257
1197349
1197467
1197619
1197799
1197941
1198051
1198157
1198289
1198399
1198511
1198651
1198819
1198973
1199087
1199203
1199389
1199477
1199591
1199683
1199813
1199909
1200077
1200233
1200371
1200467
1200637
1200779
1200889
1201003
1201097
1201201
1201327
1201513
1201637
1201793
1201939
1202041
1202153
1202269
1202423
1202501
1202633
1202813
1202881
1203101
1203217
1203343
1203487
1203619
1203757
1203841
1203931
1204097
1204207
1204369
1204493
1204633
1204783
1204937
1205101
1205251
1205447
1205539
1205653
1205749
1205903
1206043
1206169
1206263
1206383
1206529
1206679
1206749
1206841
1207043
1207147
1207307
1207387
1207511
1207699
1207909
1208023
1208149
1208269
1208407
1208573
1208731
1208843
1209017
1209139
1209239
1209353
1209491
1209629
1209763
1209877
1210019
1210123
1210229
1210397
1210477
1210631
1210793
1210877
1210967
1211083
1211261
1211393
1211531
1211621
1211701
1211789
1211911
1212047
1212191
1212301
1212433
1212551
1212697
1212793
1212889
1213007
1213087
1213189
1213357
1213517
1213627
1213741
1213841
1213939
1214093
1214189
1214333
1214441
1214573
1214663
1214749
1214933
1215029
1215167
1215301
1215421
1215509
1215637
1215779
1215917
1216087
1216273
1216393
1216529
1216603
1216763
1216867
1216973
1217063
1217141
1217233
1217351
1217473
1217647
1217753
1217899
1217977
1218179
1218263
1218421
1218557
1218683
1218787
1218941
1219109
1219271
1219357
1219489
1219643
1219727
1219807
1219871
1219951
1220077
1220309
1220423
1220657
1220761
1220839
1220983
1221097
1221223
1221391
1221503
1221593
1221751
1221863
1222037
1222187
1222279
1222493
1222601
1222717
1222811
1222943
1223059
1223197
1223311
1223449
1223569
1223723
1223867
1223993
1224121
1224229
1224299
1224473
1224677
1224851
1224919
1225061
1225111
1225223
1225373
1225529
1225621
1225729
1225891
1225981
1226087
1226237
1226341
1226483
1226609
1226699
1226801
1226891
1227103
1227241
1227353
1227539
1227701
1227847
1227973
1228099
1228193
1228327
1228441
1228547
1228657
1228841
1228943
1229071
1229201
1229279
1229369
1229489
1229633
1229783
1229941
1230071
1230233
1230347
1230433
1230571
1230739
1230881
1231039
1231129
1231231
1231313
1231421
1231513
1231663
1231757
1231843
1231987
1232201
1232339
1232431
1232573
1232719
1232879
1233019
1233179
1233313
1233437
1233563
1233641
1233781
1234001
1234133
1234309
1234439
1234603
1234759
1234841
1234991
1235137
1235243
1235327
1235449
1235573
1235789
1235887
1235999
1236229
1236397
1236527
1236659
1236751
1236827
1237031
1237129
1237217
1237363
1237487
1237547
1237739
1237853
1237963
1238089
1238201
1238371
1238449
1238599
1238719
1238821
1238921
1239089
1239229
1239347
1239449
1239533
1239661
1239803
1239923
1240021
1240159
1240271
1240399
1240559
1240709
1240807
1240991
1241087
1241263
1241377
1241467
1241557
1241741
1241879
1241963
1242103
1242193
1242359
1242487
1242641
1242817
1242931
1243093
1243181
1243369
1243477
1243579
1243717
1243841
1243943
1244029
1244143
1244261
1244393
1244483
1244609
1244741
1244839
1244989
1245113
1245281
1245479
1245619
1245721
1245847
1245971
1246099
1246247
1246331
1246387
1246489
1246573
1246697
1246841
1246997
1247117
1247269
1247383
1247501
1247599
1247737
1247861
1247969
1248061
1248209
1248329
1248413
1248551
1248673
1248829
1248941
1249043
1249139
1249247
1249373
1249489
1249631
1249739
1249841
1249999
1250099
1250203
1250407
1250497
1250629
1250773
1250917
1251037
1251157
1251317
1251527
1251667
1251791
1251907
1252021
1252123
1252217
1252399
1252483
1252681
1252817
1252943
1253047
1253171
1253377
1253521
1253701
1253831
1253951
1254037
1254131
1254241
1254371
1254503
1254607
1254683
1254793
1254971
1255081
1255157
1255253
1255357
1255477
1255633
1255759
1255913
1256009
1256201
1256369
1256533
1256659
1256753
1256867
1256939
1257049
1257163
1257253
1257397
1257517
1257647
1257827
1257959
1258087
1258171
1258267
1258403
1258469
1258601
1258709
1258811
1258931
1259047
1259113
1259243
1259413
1259563
1259669
1259777
1259953
1260113
1260223
1260359
1260481
1260599
1260731
1260829
1260911
1261109
1261259
1261357
1261523
1261697
1261789
1261901
1262057
1262147
1262293
1262453
1262563
1262671
1262783
1262903
1263071
1263173
1263259
1263347
1263499
1263607
1263761
1263917
1263979
1264177
1264301
1264499
1264643
1264741
1264867
1264969
1265081
1265167
1265311
1265443
1265527
1265623
1265801
1265903
1265981
1266079
1266197
1266281
1266389
1266511
1266611
1266763
1266883
1266953
1267127
1267291
1267447
1267549
1267709
1267831
1267939
1268051
1268177
1268299
1268447
1268593
1268731
1268797
1268929
1269049
1269179
1269263
1269383
1269547
1269691
1269869
1269971
1270103
1270231
1270333
1270441
1270559
1270649
1270817
1270933
1271059
1271167
1271251
1271383
1271503
1271609
1271749
1271849
1272001
1272133
1272233
1272343
1272451
1272631
1272833
1272913
1273001
1273121
1273289
1273381
1273471
1273609
1273729
1273879
1273981
1274113
1274291
1274389
1274561
1274723
1274879
1275041
1275203
1275359
1275539
1275643
1275749
1275851
1275977
1276057
1276169
1276313
1276481
1276619
1276733
1276867
1276973
1277071
1277209
1277359
1277501
1277657
1277791
1277897
1278047
1278197
1278337
1278437
1278583
1278671
1278799
1278983
1279087
1279181
1279309
1279459
1279561
1279673
1279801
1279877
1280023
1280161
1280297
1280431
1280603
1280743
1280837
1280989
1281131
1281253
1281383
1281503
1281653
1281751
1281827
1281979
1282081
1282201
1282343
1282451
1282529
1282639
1282751
1282907
1283011
1283119
1283237
1283437
1283549
1283717
1283839
1283969
1284131
1284293
1284421
1284541
1284641
1284791
1284917
1285051
1285147
1285247
1285393
1285511
1285633
1285763
1285853
1285969
1286099
1286227
1286359
1286503
1286617
1286693
1286821
1286959
1287071
1287197
1287347
1287469
1287569
1287697
1287787
1287899
1288003
1288099
1288201
1288363
1288519
1288613
1288733
1288849
1288939
1289039
1289179
1289333
1289447
1289597
1289713
1289831
1289969
1290131
1290209
1290379
1290503
1290629
1290791
1290923
1291079
1291211
1291327
1291447
1291567
1291799
1291931
1292063
1292167
1292293
1292429
1292567
1292653
1292783
1292947
1293031
1293203
1293317
1293421
1293553
1293739
1293857
1293967
1294061
1294199
1294339
1294471
1294627
1294753
1294967
1295069
1295191
1295297
1295377
1295543
1295647
1295783
1295881
1296037
1296167
1296319
1296467
1296563
1296649
1296803
1296949
1297061
1297169
1297271
1297367
1297451
1297561
1297657
1297841
1298027
1298131
1298291
1298467
1298641
1298789
1298911
1299029
1299173
1299283
1299367
1299499
1299653
1299817
