7
41
79
127
173
227
271
331
383
439
491
563
613
661
733
797
857
919
983
1039
1097
1171
1231
1297
1373
1447
1493
1567
1619
1697
1759
1847
1907
1993
2053
2113
2203
2269
2339
2389
2459
2549
2633
2689
2741
2803
2887
2963
3041
3121
3209
3299
3347
3433
3511
3559
3631
3701
3779
3853
3923
4007
4079
4153
4231
4289
4391
4463
4547
4637
4691
4787
4871
4943
5003
5081
5167
5237
5333
5417
5479
5557
5647
5701
5791
5851
5923
6037
6101
6197
6263
6323
6379
6481
6571
6661
6733
6823
6883
6967
7027
7127
7213
7307
7411
7489
7549
7607
7691
7759
7873
7937
8053
8117
8219
8287
8369
8447
8543
8629
8699
8761
8839
8933
9011
9103
9181
9257
9341
9419
9473
9551
9649
9739
9811
9883
9967
10079
10151
10243
10303
10391
10477
10589
10657
10733
10847
10909
11003
11093
11173
11273
11353
11447
11527
11633
11731
11821
11903
11969
12049
12143
12239
12301
12401
12479
12541
12613
12697
12791
12893
12959
13033
13121
13187
13297
13397
13469
13577
13679
13723
13807
13901
13997
14081
14177
14303
14401
14461
14551
14633
14723
14779
14867
14947
15061
15137
15227
15289
15361
15443
15541
15629
15683
15773
15877
15937
16061
16111
16223
16333
16421
16493
16607
16691
16787
16889
16979
17041
17137
17231
17333
17401
17483
17573
17659
17749
17851
17929
18013
18097
18181
18253
18329
18427
18503
18593
18719
18803
18947
19051
19157
19237
19333
19423
19471
19553
19681
19753
19843
19937
20011
20101
20161
20261
20353
20431
20533
20639
20743
20809
20921
21011
21089
21169
21269
21377
21467
21523
21599
21683
21773
21859
21961
22039
22111
22189
22283
22391
22483
22573
22679
22741
22853
22943
23027
23081
23189
23291
23369
23509
23581
23663
23747
23827
23899
23993
24071
24121
24223
24359
24439
24533
24671
24767
24859
24967
25057
25153
25243
25339
25423
25537
25609
25693
25793
25889
25969
26053
26161
26249
26321
26417
26501
26633
26701
26777
26863
26951
27043
27109
27253
27361
27457
27551
27689
27751
27809
27917
27997
28087
28183
28297
28409
28499
28573
28631
28703
28793
28879
29009
29101
29179
29269
29363
29437
29567
29641
29759
29867
29983
30091
30161
30253
30341
30467
30553
30661
30757
30841
30931
31033
31123
31189
31259
31337
31481
31567
31663
31751
31873
32003
32077
32173
32257
32341
32411
32497
32573
32653
32779
32843
32957
33029
33113
33203
33329
33403
33493
33581
33629
33749
33811
33911
34031
34147
34253
34313
34403
34499
34589
34673
34757
34849
34961
35081
35149
35267
35353
35447
35533
35617
35797
35869
35969
36037
36137
36251
36341
36467
36541
36629
36709
36787
36877
36943
37039
37159
37253
37357
37447
37529
37589
37691
37813
37907
38011
38153
38237
38321
38447
38567
38653
38723
38821
38917
39019
39107
39191
39251
39367
39451
39563
39671
39769
39847
39937
40037
40129
40231
40357
40483
40559
40693
40787
40853
40949
41051
41149
41221
41299
41411
41519
41609
41669
41777
41887
41957
42023
42139
42221
42307
42397
42461
42557
42667
42727
42821
42923
43003
43103
43223
43331
43457
43579
43651
43777
43889
43973
44053
44129
44221
44293
44453
44537
44633
44711
44809
44909
44987
45127
45233
45319
45413
45533
45631
45737
45827
45949
46051
46147
46237
46337
46451
46549
46639
46723
46817
46901
47057
47143
47269
47351
47431
47527
47623
47711
47797
47903
47977
48109
48197
48313
48413
48497
48593
48679
48787
48869
48991
49069
49169
49253
49363
49433
49531
49633
49739
49811
49921
50021
50093
50159
50287
50377
50497
50587
50707
50833
50923
51031
51137
51229
51341
51421
51481
51577
51659
51767
51853
51941
52051
52153
52249
52361
52489
52567
52673
52757
52879
52963
53069
53147
53233
53327
53437
53569
53633
53731
53849
53923
54013
54139
54277
54367
54437
54521
54601
54709
54799
54919
55021
55117
55219
55337
55441
55579
55661
55721
55819
55901
55997
56099
56197
56299
56417
56489
56569
56671
56767
56843
56923
56999
57107
57191
57271
57373
57493
57601
57709
57787
57859
57977
58067
58169
58231
58367
58439
58549
58661
58757
58907
58991
59063
59141
59221
59351
59417
59497
59617
59693
59779
59929
60037
60127
60223
60337
60449
60601
60659
60757
60869
60937
61051
61169
61331
61409
61507
61603
61667
61757
61909
61991
62081
62189
62299
62417
62507
62617
62723
62827
62929
63031
63131
63281
63361
63439
63527
63607
63689
63761
63841
63977
64081
64189
64303
64439
64577
64661
64781
64879
64997
65089
65167
65267
65371
65449
65557
65633
65713
65827
65921
66029
66107
66239
66373
66467
66569
66683
66763
66877
66959
67061
67157
67231
67349
67433
67523
67601
67733
67801
67901
67979
68099
68213
68351
68477
68543
68683
68767
68881
68963
69073
69193
69263
69401
69481
69653
69763
69857
69991
70067
70157
70229
70321
70439
70529
70621
70729
70853
70937
70999
71129
71233
71327
71387
71453
71551
71693
71789
71879
71963
72047
72139
72229
72337
72467
72559
72671
72739
72883
72949
73037
73133
73303
73387
73517
73597
73681
73783
73897
74021
74131
74201
74297
74383
74507
74587
74713
74779
74873
74959
75109
75211
75307
75391
75521
75583
75683
75773
75883
75991
76099
76213
76303
76423
76519
76631
76753
76837
76949
77047
77171
77263
77351
77471
77543
77611
77699
77773
77893
78007
78137
78203
78311
78467
78553
78649
78781
78857
78977
79111
79193
79301
79393
79493
79609
79691
79813
79873
79979
80107
80191
80273
80369
80491
80621
80683
80779
80863
80963
81043
81131
81233
81349
81457
81559
81667
81749
81869
81953
82031
82153
82223
82339
82463
82531
82613
82729
82813
82963
83071
83207
83269
83399
83459
83591
83689
83813
83921
84053
84143
84229
84347
84437
84509
84649
84731
84857
84977
85081
85159
85247
85369
85469
85597
85667
85793
85889
86027
86137
86239
86297
86381
86477
86579
86719
86843
86951
87049
87151
87257
87359
87481
87553
87631
87701
87803
87917
88003
88169
88301
88427
88589
88667
88799
88861
88969
89057
89123
89237
89371
89449
89533
89627
89753
89833
89923
90011
90073
90191
90271
90397
90499
90617
90703
90833
90931
91079
91151
91243
91367
91433
91541
91673
91801
91909
91997
92111
92219
92311
92381
92461
92569
92669
92737
92821
92921
93047
93131
93239
93307
93419
93503
93607
93763
93893
93971
94063
94169
94307
94397
94477
94561
94687
94789
94873
94999
95089
95189
95261
95369
95461
95549
95633
95747
95857
95947
96043
96179
96269
96377
96479
96587
96731
96797
96907
97001
97127
97231
97373
97459
97561
97651
97813
97879
97987
98123
98257
98369
98453
98543
98663
98773
98873
98939
99023
99131
99233
99349
99439
99563
99667
99761
99839
99961
100069
100193
100313
100403
100511
100609
100733
100829
100957
101081
101159
101267
101347
101449
101531
101627
101737
101837
101929
102019
102101
102197
102259
102397
102499
102587
102677
102829
102931
103069
103177
103333
103423
103561
103651
103787
103903
103991
104059
104161
104281
104381
104491
104593
104693
104761
104851
104959
105097
105229
105331
105397
105509
105607
105701
105863
105967
106087
106189
106279
106357
106433
106543
106663
106747
106853
106937
107053
107123
107251
107357
107563
107687
107773
107873
107981
108079
108187
108263
108377
108497
108571
108727
108821
108907
108967
109097
109169
109297
109387
109471
109579
109663
109819
109883
109987
110119
110269
110419
110503
110581
110651
110807
110909
110969
111103
111211
111317
111439
111533
111641
111767
111833
111949
112067
112153
112247
112327
112429
112577
112687
112831
112927
113023
113093
113159
113227
113363
113497
113623
113759
113843
113963
114067
114167
114269
114377
114547
114641
114713
114799
114913
115057
115151
115259
115337
115471
115597
115693
115777
115849
115901
116027
116141
116257
116371
116471
116579
116719
116827
116929
117023
117127
117239
117331
117437
117541
117673
117757
117839
117917
118037
118163
118253
118387
118471
118619
118709
118819
118907
119047
119129
119237
119359
119513
119617
119689
119783
119869
119981
120077
120181
120293
120401
120557
120647
120737
120829
120907
120997
121067
121189
121321
121379
121493
121577
121661
121843
121949
122029
122117
122209
122321
122401
122503
122609
122743
122849
122953
123059
123191
123307
123407
123493
123583
123677
123787
123887
123989
124133
124213
124309
124429
124529
124669
124753
124819
124979
125093
125183
125269
125383
125497
125621
125693
125789
125921
126013
126097
126223
126317
126443
126517
126641
126743
126857
127031
127139
127249
127331
127481
127591
127663
127727
127837
127931
128099
128201
128291
128389
128467
128551
128663
128767
128879
128981
129061
129187
129281
129401
129491
129553
129643
129769
129919
130043
130127
130253
130349
130439
130523
130633
130699
130841
130987
131111
131231
131321
131447
131543
131671
131759
131861
131947
132103
132229
132313
132409
132527
132623
132701
132763
132911
133013
133109
133213
133319
133403
133541
133657
133733
133873
133999
134089
134213
134293
134371
134507
134669
134777
134887
135007
135101
135211
135319
135409
135479
135599
135661
135757
135893
136027
136133
136237
136333
136399
136481
136547
136657
136753
136879
136979
137117
137197
137321
137393
137491
137623
137737
137867
137957
138077
138179
138283
138389
138469
138571
138647
138797
138893
139033
139177
139301
139369
139459
139589
139697
139787
139901
139991
140143
140227
140333
140419
140533
140627
140717
140813
140893
141041
141157
141241
141319
141461
141587
141667
141731
141833
141941
142049
142157
142231
142391
142537
142601
142733
142841
142963
143107
143243
143333
143477
143537
143651
143743
143833
143981
144139
144247
144341
144451
144569
144671
144773
144889
145007
145109
145253
145381
145463
145543
145643
145753
145829
145967
146051
146161
146273
146369
146477
146603
146701
146833
146933
147031
147151
147253
147341
147449
147551
147661
147761
147853
148013
148147
148229
148367
148469
148573
148691
148783
148891
148991
149069
149153
149251
149351
149423
149531
149627
149759
149867
149969
150077
150193
150247
150379
150497
150587
150721
150847
150929
151013
151157
151243
151343
151451
151537
151609
151693
151799
151901
152027
152111
152231
152377
152441
152563
152657
152783
152851
152953
153073
153247
153337
153427
153511
153611
153743
153889
153997
154081
154183
154291
154387
154523
154621
154733
154841
154937
155069
155171
155291
155383
155501
155593
155689
155747
155849
156011
156127
156253
156361
156511
156631
156707
156823
156967
157057
157177
157243
157303
157427
157523
157649
157771
157877
157999
158129
158233
158357
158449
158573
158657
158777
158923
159059
159169
159287
159403
159491
159571
159683
159773
159853
159979
160081
160183
160319
160423
160579
160649
160723
160817
160933
161047
161149
161281
161387
161521
161599
161731
161807
161923
162011
162209
162289
162451
162553
162641
162727
162823
162907
163019
163147
163243
163363
163477
163601
163679
163811
163901
163997
164113
164231
164309
164419
164513
164627
164767
164893
165047
165173
165311
165391
165511
165587
165703
165811
165931
166043
166189
166301
166403
166567
166631
166739
166847
166949
167033
167107
167197
167317
167429
167537
167641
167777
167891
168029
168143
168269
168409
168523
168631
168743
168893
169007
169097
169219
169321
169427
169553
169657
169753
169843
169943
170057
170179
170249
170351
170441
170551
170669
170767
170851
170957
171077
171179
171317
171467
171553
171659
171757
171851
171937
172079
172181
172283
172373
172489
172589
172663
172759
172871
172999
173137
173219
173347
173501
173629
173707
173807
173909
174017
174091
174221
174329
174443
174569
174653
174763
174893
174991
175103
175303
175411
175523
175673
175759
175873
175963
176051
176159
176237
176333
176417
176507
176591
176699
176791
176903
177007
177127
177257
177383
177487
177647
177791
177893
177979
178103
178223
178327
178439
178531
178609
178697
178819
178907
179021
179107
179213
179327
179429
179519
179593
179689
179807
179903
179969
180071
180221
180289
180379
180503
180623
180773
180907
181063
181201
181297
181439
181553
181711
181777
181903
181997
182089
182159
182261
182389
182489
182593
182659
182789
182893
182981
183091
183283
183349
183451
183511
183611
183761
183907
184003
184087
184199
184309
184447
184559
184649
184733
184879
184997
185077
185167
185299
185401
185531
185599
185707
185797
185893
185971
186049
186161
186253
186377
186481
186647
186727
186841
186959
187081
187163
187223
187367
187441
187559
187669
187823
187921
188021
188189
188311
188407
188519
188653
188729
188843
188939
189041
189187
189307
189391
189473
189559
189661
189767
189881
189977
190097
190261
190357
190523
190607
190709
190793
190891
191033
191137
191249
191441
191497
191563
191689
191791
191903
192029
192121
192233
192323
192431
192557
192629
192757
192853
192949
193031
193153
193283
193387
193493
193601
193727
193811
193883
194003
194101
194239
194413
194543
194681
194767
194867
194981
195077
195163
195277
195389
195493
195659
195743
195869
195967
196043
196169
196277
196429
196541
196657
196739
196871
196993
197089
197207
197293
197371
197507
197609
197711
197807
197933
198031
198139
198257
198349
198461
198571
198659
198817
198899
198971
199103
199261
199379
199483
199601
199697
199799
199889
200009
200131
200231
200351
200443
200591
200723
200867
200971
201073
201193
201307
201449
201547
201653
201757
201823
201911
201997
202099
202231
202357
202481
202621
202729
202823
202933
203023
203209
203311
203381
203459
203627
203767
203869
203971
204059
204163
204331
204431
204517
204623
204781
204887
205019
205111
205211
205327
205427
205507
205607
205721
205883
205991
206069
206191
206263
206351
206461
206551
206699
206827
206939
207061
207191
207293
207377
207481
207547
207653
207763
207877
207997
208099
208213
208291
208393
208493
208589
208697
208837
208961
209071
209203
209269
209359
209471
209569
209669
209789
209861
209977
210097
210169
210247
210347
210461
210557
210713
210823
210913
211051
211153
211231
211333
211457
211573
211681
211781
211879
211979
212131
212239
212419
212507
212651
212827
212903
213023
213133
213223
213319
213407
213553
213649
213821
213929
214007
214087
214211
214351
214457
214531
214651
214741
214817
214943
215141
215249
215353
215459
215563
215693
215833
215927
216071
216157
216317
216421
216569
216661
216779
216877
216991
217117
217223
217333
217397
217499
217643
217733
217859
218003
218111
218227
218389
218461
218579
218657
218761
218857
218987
219059
219169
219311
219433
219529
219629
219727
219799
219889
219971
220063
220217
220357
220447
220559
220687
220793
220889
220973
221093
221219
221317
221461
221567
221671
221747
221891
222007
222107
222193
222323
222403
222553
222679
222799
222919
223007
223099
223229
223291
223381
223493
223633
223757
223849
224027
224129
224221
224309
224443
224563
224669
224759
224897
224993
225119
225221
225307
225427
225523
225619
225749
225839
225961
226087
226189
226313
226433
226549
226649
226777
226871
227027
227153
227233
227377
227467
227537
227611
227707
227873
228049
228181
228281
228359
228461
228559
228637
228757
228859
228929
229081
229181
229253
229393
229499
229589
229693
229759
229837
229961
230077
230149
230273
230353
230453
230563
230719
230819
230933
231019
231169
231299
231409
231493
231589
231701
231839
231943
232073
232171
232357
232439
232567
232669
232801
232891
233069
233173
233293
233371
233549
233663
233759
233921
234043
234161
234217
234323
234463
234547
234673
234781
234863
234967
235051
235177
235307
235483
235559
235679
235811
235927
236069
236207
236329
236449
236549
236699
236773
236891
237011
237137
237217
237319
237487
237673
237763
237883
237997
238093
238171
238261
238363
238471
238591
238709
238829
238919
239027
239171
239273
239389
239521
239597
239713
239843
239947
240043
240131
240259
240353
240503
240623
240733
240853
240953
241061
241177
241291
241363
241489
241589
241679
241793
241877
241963
242083
242197
242329
242447
242521
242639
242747
242867
243011
243137
243233
243401
243479
243583
243673
243809
243917
244043
244159
244291
244367
244451
244553
244637
244733
244843
244943
245087
245209
245321
245471
245561
245653
245753
245881
245983
246131
246217
246319
246469
246569
246661
246773
246839
246937
247069
247229
247343
247439
247579
247651
247769
247873
247993
248071
248167
248267
248371
248477
248593
248701
248789
248869
248987
249127
249229
249367
249439
249539
249671
249797
249881
250007
250073
250259
250423
250619
250727
250807
250919
251033
251117
251201
251287
251417
251491
251567
251701
251843
251939
252029
252169
252283
252391
252481
252617
252761
252881
252971
253109
253307
253417
253501
253607
253681
253787
253879
253987
254053
254207
254329
254461
254647
254753
254857
254941
255023
255121
255193
255313
255457
255523
255649
255757
255869
255971
256057
256169
256307
256441
256561
256651
256801
256939
257093
257219
257297
257401
257501
257657
257783
257879
257993
258113
258211
258329
258421
258527
258617
258703
258803
258959
259033
259177
259309
259429
259547
259643
259751
259841
259993
260111
260213
260399
260483
260581
260717
260849
260951
261031
261167
261323
261431
261557
261637
261757
261887
262049
262133
262237
262349
262469
262567
262681
262781
262909
263071
263171
263267
263387
263491
263573
263677
263827
263911
264013
264113
264221
264349
264487
264619
264749
264827
264931
265021
265151
265249
265381
265483
265571
265717
265819
265921
266047
266111
266239
266353
266477
266633
266689
266837
266927
266999
267167
267259
267373
267439
267521
267601
267667
267739
267833
267913
268063
268207
268343
268519
268643
268771
268823
268927
269029
269141
269221
269341
269429
269543
269663
269779
269939
270059
270163
270269
270343
270463
270577
270667
270763
270913
271013
271127
271241
271357
271483
271597
271723
271841
271927
272039
272189
272267
272351
272417
272549
272693
272809
272933
273043
273127
273269
273359
273551
273697
273821
273941
274061
274147
274237
274357
274489
274667
274777
274847
274951
275053
275161
275299
275399
275491
275591
275699
275827
275939
276019
276113
276239
276343
276449
276557
276671
276817
276901
277003
277157
277247
277363
277513
277603
277741
277847
277993
278111
278209
278329
278479
278561
278639
278753
278849
278947
279119
279203
279397
279511
279593
279689
279823
279967
280069
280199
280297
280411
280547
280613
280717
280843
280927
281023
281159
281251
281353
281527
281609
281669
281783
281857
281959
282071
282167
282307
282409
282563
282679
282773
282889
283001
283111
283193
283403
283541
283631
283769
283859
284003
284117
284201
284293
284423
284521
284623
284723
284777
284857
285007
285119
285227
285377
285517
285611
285697
285773
285953
286049
286243
286397
286483
286553
286687
286771
286973
287093
287173
287269
287347
287537
287681
287821
287933
288089
288227
288349
288461
288559
288683
288817
288929
289019
289103
289171
289273
289369
289477
289607
289741
289853
289973
290041
290161
290317
290419
290509
290617
290677
290821
290959
291041
291167
291271
291371
291491
291619
291727
291857
291983
292091
292231
292351
292471
292561
292679
292777
292879
293071
293149
293261
293413
293543
293677
293791
293957
294053
294169
294251
294337
294439
294563
294751
294809
294923
295033
295129
295271
295387
295517
295699
295831
295879
295973
296099
296237
296347
296479
296563
296683
296753
296833
296981
297083
297247
297391
297487
297613
297719
297841
297967
298063
298187
298303
298409
298583
298681
298777
298897
299053
299171
299311
299393
299501
299623
299731
299881
299983
300119
300229
300323
300439
300569
300661
300743
300823
300953
301051
301177
301267
301403
301489
301619
301711
301841
301933
302053
302213
302317
302507
302593
302747
302843
302941
303011
303097
303271
303341
303431
303547
303619
303713
303839
303983
304067
304169
304303
304417
304501
304597
304729
304813
304903
305017
305111
305237
305363
305441
305533
305633
305761
305867
306023
306149
306253
306367
306463
306541
306701
306821
306893
307009
307121
307243
307301
307423
307577
307669
307831
307969
308107
308249
308327
308489
308551
308681
308827
308933
309031
309131
309259
309359
309469
309559
309671
309797
309931
310081
310187
310313
310439
310547
310663
310747
310861
310987
311123
311237
311347
311533
311609
311737
311867
312023
312101
312217
312289
312397
312527
312619
312727
312857
312967
313087
313207
313301
313387
313553
313619
313721
313853
313949
314003
314137
314239
314351
314467
314591
314707
314807
314953
315067
315199
315361
315451
315547
315631
315743
315883
316003
316109
316219
316321
316439
316567
316663
316769
316859
316957
317071
317197
317323
317419
317539
317621
317731
317827
317959
318077
318191
318281
318347
318467
318601
318701
318811
318907
319037
319129
319237
319351
319441
319541
319673
319747
319883
319981
320063
320149
320269
320387
320513
320627
320741
320861
321007
321109
321227
321329
321413
321569
321661
321779
321889
322009
322093
322229
322339
322459
322571
322633
322781
322919
323009
323131
323273
323383
323509
323623
323767
323903
324053
324143
324239
324391
324451
324557
324661
324773
324871
324979
325043
325181
325271
325411
325513
325631
325723
325807
325921
326057
326143
326251
326449
326563
326657
326741
326903
327001
327133
327263
327343
327463
327529
327629
327739
327839
327941
328061
328171
328303
328397
328543
328651
328789
328901
329059
329177
329269
329347
329503
329617
329687
329801
329951
330041
330139
330241
330347
330439
330623
330703
330821
330907
331063
331183
331283
331369
331519
331589
331711
331843
331943
332053
332179
332263
332417
332509
332641
332791
332933
333031
333139
333271
333367
333457
333563
333691
333787
333929
334049
334177
334319
334421
334513
334651
334751
334861
334991
335077
335161
335281
335429
335539
335663
335771
335893
336041
336151
336239
336373
336521
336593
336683
336793
336887
336997
337097
337261
337343
337457
337583
337681
337817
337901
338017
338167
338251
338321
338411
338531
338669
338773
338909
339091
339173
339307
339491
339617
339707
339821
339991
340073
340183
340337
340447
340577
340657
340789
340897
340939
341063
341219
341311
341447
341557
341647
341773
341911
342037
342107
342233
342341
342421
342547
342673
342803
342899
343073
343193
343303
343381
343529
343591
343709
343823
343943
344111
344207
344257
344353
344497
344653
344791
344873
344963
345067
345227
345413
345517
345607
345707
345791
345889
346043
346141
346261
346369
346433
346547
346649
346751
346903
347051
347141
347209
347317
347509
347591
347731
347849
347959
348017
348181
348259
348407
348461
348583
348731
348839
348949
349093
349199
349343
349403
349507
349663
349793
349871
349949
350089
350219
350381
350459
350621
350731
350809
350947
351037
351121
351259
351347
351437
351563
351727
351803
351919
352049
352133
352271
352367
352441
352543
352661
352817
352909
353047
353147
353293
353411
353527
353641
353747
353867
353939
354043
354163
354271
354371
354451
354581
354701
354799
354911
355009
355087
355211
355363
355501
355571
355697
355811
355933
356093
356173
356327
356467
356579
356749
356927
356999
357131
357241
357353
357509
357593
357671
357767
357839
358031
358159
358277
358349
358483
358601
358703
358793
358901
358993
359111
359209
359311
359419
359549
359657
359767
359987
360163
360233
360323
360509
360653
360827
360953
361033
361217
361327
361421
361507
361643
361763
361873
361967
362069
362177
362293
362371
362449
362633
362753
362927
363019
363151
363269
363367
363439
363551
363659
363767
363889
363977
364129
364267
364349
364451
364571
364687
364801
364921
365021
365147
365257
365377
365473
365557
365669
365791
365941
366077
366173
366259
366343
366461
366593
366713
366851
366923
367019
367127
367231
367321
367501
367603
367699
367789
367883
368077
368149
368273
368399
368521
368647
368783
368899
369067
369169
369283
369419
369647
369791
369893
369997
370091
370207
370411
370477
370597
370679
370871
371029
371143
371249
371333
371447
371573
371719
371869
371971
372067
372223
372311
372413
372539
372677
372769
372847
372971
373091
373199
373301
373393
373553
373669
373837
373969
374063
374149
374291
374389
374537
374681
374761
374849
374977
375049
375121
375227
375311
375443
375527
375631
375757
375899
376001
376099
376237
376399
376529
376627
376721
376811
376897
377021
377171
377291
377387
377537
377623
377761
377851
378023
378151
378253
378401
378523
378619
378739
378869
378967
379081
379177
379307
379417
379531
379649
379723
379853
379963
380117
380203
380309
380423
380557
380707
380839
380951
381047
381209
381319
381401
381509
381629
381739
381859
382001
382117
382271
382429
382553
382649
382751
382861
382979
383081
383171
383303
383459
383573
383659
383777
383869
383983
384089
384193
384289
384403
384509
384623
384751
384851
385013
385127
385223
385331
385471
385573
385657
385811
385907
386041
386143
386237
386339
386429
386549
386651
386777
386977
387077
387187
387307
387449
387613
387721
387853
387977
388117
388211
388319
388477
388573
388711
388837
388937
389047
389161
389273
389401
389531
389621
389743
389849
389947
390067
390151
390263
390367
390437
390527
390707
390791
390893
391021
391133
391247
391367
391451
391627
391733
391847
391939
392069
392153
392251
392321
392437
392543
392669
392807
392893
392983
393083
393181
393287
393401
393539
393593
393697
393797
393929
394039
394169
394291
394411
394571
394673
394759
394879
394993
395111
395191
395303
395443
395543
395687
395851
395971
396103
396217
396323
396443
396563
396647
396871
396953
397063
397211
397301
397429
397543
397673
397759
397907
398029
398117
398227
398339
398423
398539
398621
398759
398903
399031
399131
399227
399379
399481
399577
399677
399769
399911
400031
400151
400249
400339
400481
400651
400753
400927
401053
401173
401309
401407
401551
401689
401839
401957
402049
402139
402307
402379
402527
402601
402763
402859
403001
403097
403243
403339
403511
403607
403721
403861
403979
404081
404191
404291
404419
404507
404693
404843
404983
405089
405239
405341
405473
405553
405679
405763
405869
405989
406117
406267
406381
406513
406583
406717
406873
407059
407203
407287
407369
407503
407621
407717
407821
407923
408041
408173
408251
408379
408469
408623
408703
408809
408953
409043
409187
409327
409429
409523
409657
409769
409867
409951
410087
410203
410317
410401
410507
410629
410747
410857
411011
411113
411233
411361
411479
411583
411683
411751
411919
412019
412099
412189
412277
412457
412589
412663
412859
413009
413093
413197
413299
413527
413653
413759
413879
414031
414109
414241
414347
414451
414559
414677
414731
414809
414929
415061
415147
415253
415427
415553
415643
415721
415861
415963
416089
416239
416387
416441
416513
416659
416849
417007
417127
417217
417331
417457
417559
417671
417763
417883
417997
418079
418199
418331
418391
418559
418699
418793
418867
418961
419059
419201
419329
419459
419557
419609
419777
419893
420029
420191
420307
420361
420479
420593
420743
420851
420977
421093
421181
421339
421453
421607
421697
421783
421973
422083
422141
422287
422377
422551
422689
422797
422893
423013
423103
423221
423289
423427
423503
423617
423763
423859
423991
424093
424169
424271
424429
424549
424679
424777
424867
424997
425107
425251
425333
425443
425563
425779
425857
425977
426091
426233
426389
426551
426691
426761
426871
426973
427079
427241
427333
427429
427523
427711
427813
427949
428023
428143
428231
428369
428531
428633
428741
428851
429043
429181
429277
429397
429487
429563
429673
429773
429887
429937
430019
430193
430343
430511
430603
430741
430819
430897
430999
431099
431219
431329
431441
431597
431693
431807
431891
432007
432097
432199
432317
432401
432503
432589
432737
432857
432983
433087
433201
433271
433373
433501
433639
433729
433859
433981
434113
434237
434323
434411
434521
434683
434807
434873
434957
435107
435187
435287
435403
435541
435619
435709
435839
435923
436061
436171
436307
436459
436547
436673
436801
436957
437071
437153
437279
437401
437527
437653
437771
437923
438049
438233
438329
438467
438569
438671
438829
438937
439009
439183
439349
439459
439573
439687
439771
439867
439981
440131
440227
440339
440443
440549
440669
440761
440903
441011
441109
441193
441349
441499
441607
441737
441841
442003
442097
442181
442283
442439
442531
442633
442769
442837
442979
443059
443159
443237
443347
443431
443561
443687
443771
443881
443987
444109
444181
444307
444449
444529
444637
444791
444869
444967
445087
445199
445339
445507
445631
445769
445877
446009
446179
446273
446389
446503
446657
446827
446933
447079
447197
447311
447443
447541
447701
447823
447907
448057
448159
448303
448387
448627
448741
448867
448993
449107
449201
449287
449381
449543
449629
449741
449851
449987
450083
450199
450287
450377
450479
450581
450691
450803
450881
450949
451093
451207
451337
451499
451621
451699
451823
451909
452017
452161
452279
452453
452579
452701
452857
453029
453161
453269
453371
453569
453659
453797
453913
454021
454151
454247
454361
454507
454627
454763
454891
454991
455149
455237
455339
455437
455527
455627
455737
455881
455993
456107
456241
456409
456523
456607
456683
456811
456959
457057
457183
457277
457393
457507
457621
457711
457871
458027
458173
458317
458407
458569
458663
458797
458921
458987
459089
459229
459341
459443
459607
459691
459847
460051
460127
460247
460387
460543
460643
460787
460907
460981
461093
461233
461323
461437
461581
461689
461887
462013
462131
462307
462419
462529
462629
462713
462863
462953
463189
463283
463363
463483
463613
463717
463829
463919
464021
464137
464251
464351
464467
464587
464741
464803
464917
464993
465071
465163
465277
465379
465541
465679
465809
465931
466061
466171
466283
466423
466567
466717
466819
466997
467119
467237
467371
467479
467557
467651
467737
467869
467953
468067
468151
468271
468421
468527
468623
468703
468817
468893
469037
469207
469303
469411
469561
469687
469793
469907
470059
470161
470243
470347
470447
470531
470627
470731
470867
470957
471091
471209
471301
471467
471571
471671
471769
471893
471997
472123
472247
472331
472457
472597
472711
472837
472963
473147
473227
473353
473471
473531
473659
473839
473929
474029
474127
474241
474359
474491
474571
474707
474811
474931
475073
475159
475289
475379
475469
475619
475693
475789
475879
475973
476059
476167
476317
476423
476587
476681
476783
476911
477019
477209
477341
477511
477593
477739
477839
477973
478099
478207
478339
478427
478523
478637
478747
478843
478931
479029
479201
479299
479429
479533
479639
479813
479909
480023
480107
480287
480379
480463
480553
480731
480853
480979
481073
481153
481249
481387
481531
481667
481769
481861
482021
482117
482243
482387
482483
482593
482687
482759
482863
483017
483179
483281
483397
483503
483629
483751
483829
483953
484091
484193
484327
484447
484597
484727
484867
485059
485167
485363
485479
485609
485753
485923
486053
486179
486307
486389
486503
486601
486679
486797
486943
487049
487177
487303
487423
487481
487649
487733
487829
487973
488069
488207
488287
488347
488459
488617
488711
488797
488921
489053
489179
489299
489427
489539
489673
489793
489871
489977
490103
490207
490309
490463
490559
490643
490829
490937
491039
491167
491297
491371
491501
491611
491719
491833
491969
492059
492253
492403
492511
492631
492731
492871
493021
493123
493201
493291
493403
493567
493693
493807
493919
494029
494129
494267
494369
494497
494609
494693
494759
494903
495041
495149
495277
495361
495449
495569
495637
495757
495829
495959
496073
496231
496339
496477
496609
496763
496891
497011
497117
497261
497339
497479
497561
497677
497773
497899
498013
498163
498331
498439
498551
498653
498779
498907
499021
499129
499189
499327
499459
499571
499663
499729
499883
500009
500119
500233
500333
500443
500567
500713
500831
500921
501019
501131
501209
501317
501451
501617
501731
501863
502001
502093
502259
502429
502549
502669
502787
502921
503123
503231
503351
503431
503593
503707
503819
503929
504011
504149
504269
504359
504521
504619
504787
504877
504983
505067
505157
505279
505367
505481
505601
505669
505781
505927
506113
506251
506347
506461
506563
506683
506791
506899
507029
507137
507301
507383
507523
507667
507781
507907
508019
508129
508259
508367
508499
508583
508771
508903
508969
509101
509263
509389
509521
509603
509693
509801
509921
510049
510127
510241
510361
510481
510613
510767
510907
511033
511153
511223
511337
511453
511549
511633
511801
511909
512021
512249
512419
512537
512609
512717
512821
512929
513041
513131
513269
513353
513473
513641
513731
513841
513991
514079
514187
514289
514417
514531
514651
514757
514853
514967
515191
515351
515507
515639
515737
515839
515941
516091
516199
516283
516391
516493
516599
516689
516821
516931
517043
517151
517241
517343
517457
517511
517603
517729
517877
517999
518123
518207
518311
518447
518587
518737
518803
518933
519083
519161
519287
519391
519523
519619
519737
519889
519989
520103
520291
520363
520433
520607
520703
520841
520967
521051
521177
521309
521399
521519
521603
521743
521819
521923
522061
522191
522281
522391
522521
522661
522749
522853
522959
523109
523307
523433
523543
523639
523759
523877
524047
524119
524221
524347
524453
524633
524801
524899
524969
525043
525193
525313
525409
525517
525641
525731
525871
525961
526069
526193
526291
526423
526531
526637
526717
526831
526943
527069
527173
527291
527407
527557
527671
527809
527929
528043
528167
528313
528419
528611
528707
528823
528967
529043
529153
529271
529381
529519
529657
529747
529927
529999
530129
530237
530329
530443
530549
530669
530767
530861
531017
531143
531263
531359
531571
531673
531833
531919
532061
532187
532307
532403
532523
532619
532733
532811
532981
533063
533191
533297
533399
533581
533723
533857
533969
534043
534137
534283
534403
534571
534647
534811
534923
535061
535193
535333
535489
535607
535709
535849
535967
536069
536191
536279
536399
536467
536593
536717
536791
536909
536999
537071
537191
537331
537527
537673
537781
537899
538073
538157
538283
538397
538513
538597
538739
538823
538943
539107
539207
539309
539447
539621
539711
539839
539993
540157
540251
540367
540469
540587
540691
540803
540961
541129
541237
541361
541483
541549
541669
541777
541927
542027
542119
542197
542299
542489
542579
542723
542837
542951
543113
543203
543287
543359
543539
543659
543773
543857
543929
544031
544177
544373
544513
544667
544781
544889
545023
545131
545257
545449
545549
545651
545789
545917
546031
546137
546241
546353
546523
546631
546731
546919
547037
547171
547301
547399
547501
547609
547727
547823
547957
548117
548239
548371
548461
548567
548693
548827
548897
549013
549139
549229
549379
549509
549589
549701
549767
549943
550063
550177
550289
550447
550553
550661
550763
550861
550993
551093
551219
551347
551489
551587
551717
551809
551933
552047
552137
552283
552469
552581
552709
552821
552917
553067
553153
553277
553439
553529
553607
553727
553849
553963
554089
554207
554317
554467
554633
554731
554803
554893
555041
555119
555287
555419
555589
555707
555857
556037
556177
556271
556351
556513
556609
556697
556789
556859
556967
557057
557261
557369
557519
557633
557743
557857
558007
558121
558241
558413
558497
558587
558731
558863
558979
559123
559219
559357
559511
559577
559673
559799
559901
560029
560117
560207
560281
560411
560501
560639
560753
560863
560941
561083
561191
561359
561521
561713
561907
561997
562169
562291
562357
562459
562589
562669
562753
562897
562979
563051
563153
563357
563449
563593
563809
563897
564041
564149
564257
564359
564437
564593
564703
564881
564983
565111
565241
565333
565427
565511
565589
565727
565891
566011
566149
566233
566429
566543
566653
566723
566879
567011
567121
567319
567449
567569
567673
567811
567899
568019
568151
568207
568363
568481
568643
568783
568907
569011
569111
569209
569321
569479
569609
569717
569813
569893
570029
570091
570191
570389
570467
570539
570649
570737
570859
570967
571099
571223
571339
571477
571657
571759
571853
571969
572069
572207
572323
572437
572549
572633
572707
572827
572933
573101
573247
573343
573479
573557
573737
573829
573929
574051
574169
574297
574433
574547
574687
574799
574949
575077
575177
575261
575431
575573
575669
575753
575893
576001
576119
576217
576341
576469
576553
576671
576739
576889
577043
577151
577279
577397
577517
577601
577757
577879
577979
578117
578267
578371
578483
578581
578689
578803
578917
579053
579199
579311
579473
579541
579637
579737
579877
579973
580163
580291
580379
580549
580663
580757
580859
580969
581099
581197
581311
581407
581527
581657
581753
581869
581983
582137
582221
582391
582509
582649
582761
582853
582973
583127
583213
583337
583421
583523
583651
583777
583879
584027
584167
584357
584447
584599
584699
584791
584917
585023
585077
585251
585367
585503
585601
585733
585841
585899
586037
586129
586291
586403
586501
586609
586741
586841
586939
587051
587131
587263
587381
587473
587563
587669
587753
587887
587987
588079
588173
588311
588437
588569
588683
588827
588947
589111
589213
589327
589471
589601
589753
589859
590021
590129
590251
590357
590489
590641
590753
590899
591053
591137
591289
591421
591559
591673
591791
591937
592087
592219
592337
592429
592531
592639
592741
592873
592987
593083
593207
593291
593401
593501
593603
593711
593903
594047
594163
594283
594397
594499
594577
594721
594829
594959
595069
595139
595247
595319
595451
595577
595733
595939
596009
596093
596231
596317
596503
596611
596737
596839
596929
597053
597221
597353
597433
597559
597659
597767
597869
598049
598151
598303
598427
598541
598687
598799
598931
599009
599153
599309
599407
599537
599657
599759
599899
600011
600169
600283
600361
600451
600601
600703
600877
600961
601061
601201
601291
601397
601543
601717
601819
601943
602057
602143
602267
602341
602477
602597
602711
602801
602929
603023
603173
603319
603487
603569
603731
603821
603901
603949
604073
604291
604379
604529
604649
604753
604837
604957
605071
605221
605329
605471
605573
605641
605861
605947
606041
606131
606311
606449
606581
606721
606833
606959
607043
607127
607213
607319
607423
607627
607741
607889
607991
608123
608269
608369
608431
608591
608693
608831
608903
609047
609163
609253
609361
609443
609571
609641
609781
609913
610081
610229
610391
610523
610633
610733
610823
610891
611027
611131
611293
611449
611551
611693
611837
611951
612037
612109
612217
612331
612439
612637
612751
612847
612971
613141
613219
613297
613441
613523
613637
613759
613883
614041
614147
614291
614437
614569
614671
614749
614881
615031
615161
615313
615413
615497
615623
615749
615829
615971
616111
616181
616289
616393
616501
616589
616729
616829
616943
617051
617147
617257
617359
617467
617587
617707
617791
617917
618049
618229
618329
618437
618581
618703
618859
618997
619079
619207
619313
619537
619621
619753
619841
619987
620159
620239
620359
620441
620567
620671
620777
620911
621017
621139
621301
621419
621541
621679
621779
621923
622051
622151
622249
622397
622529
622619
622751
622901
623017
623221
623321
623417
623591
623681
623767
623893
623989
624119
624229
624319
624467
624541
624683
624787
624859
625057
625171
625279
625409
625589
625661
625831
625943
626113
626207
626363
626539
626627
626723
626837
626963
627091
627217
627349
627481
627619
627733
627859
628013
628127
628219
628373
628493
628681
628783
628909
629009
629171
629341
629449
629591
629689
629779
629897
629987
630127
630247
630433
630559
630677
630803
630907
631061
631187
631307
631453
631529
631613
631733
631853
631931
632081
632153
632273
632353
632483
632623
632717
632857
632987
633133
633263
633383
633473
633623
633781
633883
634003
634157
634237
634313
634471
634567
634679
634757
634871
634979
635149
635287
635353
635449
635567
635711
635837
635939
636043
636149
636283
636403
636541
636673
636773
636917
637003
637171
637297
637379
637499
637603
637717
637817
637939
638147
638269
638437
638587
638719
638933
639049
639169
639307
639451
639571
639677
639739
639937
640027
640127
640231
640333
640499
640649
640771
640901
640973
641129
641261
641413
641513
641639
641803
641873
641981
642133
642223
642403
642533
642701
642833
642937
643039
643129
643301
643457
643583
643691
643849
643957
644057
644143
644257
644377
644491
644593
644687
644789
644881
645011
645083
645257
645419
645503
645611
645713
645839
645941
646099
646193
646301
646423
646573
646721
646873
646957
647057
647161
647321
647401
647527
647627
647741
647837
647953
648061
648181
648269
648377
648563
648677
648859
648953
649073
649157
649307
649457
649529
649633
649739
649801
649897
650059
650227
650359
650537
650623
650827
650927
651067
651179
651257
651397
651509
651689
651809
651877
652039
652207
652291
652373
652499
652591
652699
652787
652913
652997
653153
653311
653501
653593
653693
653797
653927
654011
654127
654221
654343
654499
654593
654701
654803
654923
655033
655181
655273
655379
655517
655601
655723
655909
656077
656237
656323
656429
656597
656687
656791
656951
657061
657187
657311
657439
657529
657653
657809
657959
658111
658199
658309
658403
658549
658639
658807
658907
658997
659137
659251
659423
659531
659629
659723
659863
659983
660071
660181
660281
660391
660547
660617
660733
660833
660941
661091
661183
661267
661439
661553
661721
661883
661987
662107
662251
662351
662483
662591
662713
662839
662951
663053
663203
663319
663517
663581
663661
663823
663959
664009
664121
664243
664379
664511
664597
664669
664777
664933
665047
665131
665233
665351
665501
665591
665723
665843
665993
666089
666191
666403
666511
666643
666733
666829
666983
667127
667273
667379
667501
667577
667699
667829
667963
668069
668203
668471
668579
668687
668803
668929
669049
669167
669301
669413
669551
669673
669791
669901
670001
670139
670237
670349
670489
670583
670711
670849
670963
671081
671201
671303
671431
671557
671701
671837
671939
672041
672131
672223
672317
672493
672643
672787
672871
672977
673109
673207
673327
673427
673499
673613
673769
673891
674059
674173
674273
674431
674603
674717
674789
674879
675067
675151
675247
675347
675511
675601
675751
675863
675977
676061
676217
676339
676427
676649
676751
676903
676979
677077
677213
677333
677471
677627
677767
677947
678101
678211
678343
678437
678553
678637
678739
678823
678943
679067
679183
679309
679409
679519
679669
679753
679867
679951
680039
680161
680291
680377
680453
680587
680749
680873
680993
681089
681229
681341
681449
681557
681677
681809
681943
682037
682183
682291
682411
682489
682673
682763
682967
683129
683299
683401
683483
683653
683737
683831
683909
684037
684163
684311
684427
684557
684647
684773
684889
685031
685103
685249
685369
685493
685613
685723
685849
686003
686087
686177
686333
686453
686611
686761
686891
686989
687061
687151
687307
687397
687473
687581
687707
687823
687949
688073
688201
688339
688447
688591
688697
688783
688951
689071
689167
689291
689393
689561
689693
689803
689891
689963
690127
690281
690427
690533
690673
690841
691001
691147
691241
691363
691531
691661
691729
691841
691921
692051
692149
692287
692387
692453
692581
692711
692821
692963
693097
693223
693397
693503
693619
693701
693799
693943
694079
694223
694333
694391
694513
694609
694781
694901
695017
695111
695263
695347
695467
695593
695687
695801
695917
696079
696257
696359
696481
696607
696719
696823
696929
697049
697133
697267
697397
697507
697601
697703
697877
697979
698083
698273
698387
698491
698591
698779
698977
699089
699197
699299
699427
699527
699641
699791
699961
700099
700223
700331
700429
700573
700681
700831
700933
701047
701221
701359
701447
701531
701629
701741
701951
702101
702199
702313
702391
702503
702589
702707
702817
702913
703121
703223
703321
703447
703561
703709
703849
703957
704059
704161
704269
704393
704507
704593
704719
704801
704867
705011
705113
705191
705317
705493
705713
705827
705937
706033
706141
706229
706337
706487
706621
706733
706829
706921
707053
707177
707321
707467
707647
707723
707831
707933
708011
708091
708199
708311
708437
708559
708667
708859
708979
709139
709237
709351
709469
709607
709703
709823
709909
710009
710207
710323
710441
710519
710609
710777
710867
710951
711023
711163
711307
711463
711577
711701
711793
711899
711983
712157
712301
712427
712507
712651
712781
712891
712981
713149
713239
713347
713417
713569
713743
713863
713981
714143
714283
714487
714569
714751
714851
714943
715069
715171
715289
715417
715537
715643
715777
715867
715943
716063
716249
716399
716483
716621
716713
716827
716953
717103
717191
717341
717511
717593
717751
717917
718051
718187
718349
718433
718559
718717
718847
718999
719119
719197
719351
719503
719639
719723
719821
719959
720091
720211
720299
720403
720569
720683
720793
720913
721003
721111
721181
721267
721363
721529
721631
721783
721951
722063
722159
722291
722369
722489
722633
722791
722921
723049
723119
723209
723293
723413
723529
723617
723799
723901
723977
724117
724277
724441
724517
724601
724723
724807
724949
725077
725189
725327
725437
725587
725731
725867
725993
726101
726181
726367
726463
726599
726679
726809
726923
727021
727169
727267
727369
727499
727667
727759
727847
728003
728173
728303
728471
728573
728701
728813
728881
728953
729073
729257
729371
729497
729577
729671
729787
729931
730033
730217
730397
730553
730633
730777
730843
730969
731113
731219
731299
731483
731597
731713
731807
731909
732029
732169
732233
732323
732497
732673
732799
732911
733067
733157
733289
733387
733489
733651
733813
733883
733991
734143
734233
734389
734477
734647
734737
734849
734957
735073
735173
735271
735373
735461
735617
735733
735877
735997
736091
736243
736363
736433
736657
736817
736927
737041
737131
737279
737353
737507
737593
737719
737819
737929
738083
738217
738349
738457
738583
738757
738863
738977
739087
739183
739301
739373
739469
739601
739723
739847
739967
740099
740227
740359
740513
740603
740713
740903
741031
741121
741233
741409
741493
741661
741787
741877
742031
742153
742243
742369
742519
742619
742723
742909
743027
743137
743209
743333
743551
743693
743833
743933
744113
744251
744391
744539
744661
744791
744917
745037
745189
745337
745517
745631
745741
745903
746017
746117
746203
746309
746479
746563
746747
746843
746959
747113
747277
747401
747497
747599
747743
747853
747977
748093
748249
748361
748499
748613
748717
748819
748889
749051
749153
749257
749383
749461
749677
749803
749909
750059
750151
750229
750437
750599
750713
750809
750961
751087
751183
751277
751351
751463
751627
751717
751813
751913
752033
752177
752273
752383
752513
752651
752797
752881
753007
753143
753341
753439
753587
753679
753773
753931
754037
754111
754211
754297
754399
754531
754703
754811
754937
755009
755143
755267
755371
755473
755597
755759
755869
756043
756179
756289
756433
756593
756689
756839
756971
757171
757297
757403
757513
757651
757763
757927
758053
758179
758269
758383
758503
758629
758731
758837
758963
759053
759181
759329
759463
759569
759641
759727
759893
760007
760147
760237
760343
760477
760561
760693
760843
760939
761069
761183
761291
761393
761471
761567
761681
761809
761963
762049
762239
762373
762499
762599
762779
762899
763001
763111
763261
763391
763481
763597
763699
763823
763921
764017
764131
764261
764381
764551
764657
764837
764947
765041
765137
765211
765307
765437
765539
765673
765827
765907
766039
766163
766247
766361
766457
766553
766721
766817
766939
767089
767203
767339
767509
767597
767729
767831
767957
768127
768199
768329
768401
768503
768641
768793
768923
769033
769151
769273
769421
769543
769627
769751
769927
770039
770113
770227
770359
770519
770591
770741
770843
770951
771047
771181
771299
771437
771527
771637
771769
771917
772019
772159
772313
772403
772567
772663
772843
772921
773039
773159
773299
773447
773567
773681
773803
773897
774001
774127
774217
774337
774523
774643
774773
774853
775007
775121
775259
775393
775553
775669
775807
775939
776077
776179
776287
776467
776561
776729
776861
776983
777103
777187
777277
777419
777541
777661
777781
777901
778051
778123
778247
778391
778513
778597
778709
778819
778927
779039
779173
779341
779507
779593
779699
779797
779939
780049
780211
780371
780469
780649
780733
780853
780971
781069
781199
781307
781397
781493
781601
781733
781867
781973
782071
782147
782263
782389
782519
782689
782861
783007
783131
783247
783359
783527
783619
783707
783779
783877
784103
784213
784321
784411
784501
784603
784753
784913
785053
785159
785287
785347
785461
785579
785717
785809
785951
786061
786211
786337
786491
786661
786763
786901
787021
787123
787277
787429
787517
787621
787769
787837
787999
788089
788209
788351
788399
788527
788651
788813
788903
789001
789109
789251
789407
789557
789671
789749
789959
790051
790189
790291
790417
790523
790637
790747
790871
790991
791093
791227
791321
791447
791599
791789
791897
791993
792101
792227
792299
792413
792553
792641
792709
792881
792989
793159
793301
793453
793553
793673
793769
793889
793999
794077
794161
794239
794413
794537
794653
794779
794993
795097
795203
795323
795479
795589
795679
795793
795917
796001
796171
796291
796387
796531
796633
796759
796849
796937
797033
797143
797311
797473
797567
797647
797773
797933
798071
798151
798251
798397
798517
798649
798757
798929
799091
799259
799363
799489
799619
799727
799837
799991
800089
800171
800291
800419
800521
800599
800687
800773
800923
801011
801137
801301
801419
801557
801683
801817
801989
802127
802183
802357
802523
802649
802759
802873
803041
803189
803323
803443
803519
803659
803819
803939
804059
804161
804283
804409
804541
804619
804761
804889
804989
805073
805177
805279
805369
805499
805583
805741
805867
806009
806087
806213
806329
806467
806609
806791
806941
807083
807193
807299
807427
807523
807689
807817
807949
808147
808261
808369
808481
808603
808733
808853
809023
809147
809243
809359
809447
809579
809737
809803
809909
810053
810191
810307
810389
810473
810553
810697
810871
810967
811127
811231
811351
811501
811627
811729
811861
811981
812101
812221
812341
812401
812519
812671
812761
813013
813097
813217
813301
813427
813577
813721
813863
814003
814067
814193
814327
814447
814577
814699
814823
814927
815053
815231
815341
815459
815569
815671
815831
815963
816103
816191
816317
816451
816589
816743
816847
816919
817049
817147
817277
817379
817549
817709
817787
817891
818011
818171
818291
818371
818561
818689
818887
819017
819149
819253
819373
819449
819509
819647
819761
819829
819991
820133
820243
820343
820441
820609
820691
820793
820957
821063
821147
821297
821459
821551
821747
821833
821941
822067
822191
822293
822379
822541
822607
822713
822793
822893
823013
823183
823283
823447
823547
823651
823729
823829
823969
824077
824191
824399
824497
824647
824749
824861
824977
825059
825193
825283
825389
825491
825611
825709
825829
825983
826087
826201
826349
826453
826583
826681
826783
826907
827009
827147
827311
827447
827591
827737
827837
827927
828029
828131
828361
828517
828649
828743
828859
828953
829097
829211
829349
829537
829657
829757
829867
830017
830173
830309
830383
830483
830587
830729
830849
830957
831073
831221
831371
831503
831599
831679
831757
831863
831983
832129
832291
832373
832483
832613
832687
832763
832889
832973
833117
833269
833389
833509
833669
833783
833897
834023
834181
834299
834503
834611
834721
834857
834983
835117
835271
835421
835531
835661
835789
835897
835987
836137
836219
836347
836491
836623
836729
836839
836951
837079
837271
837379
837509
837667
837797
837937
838069
838169
838367
838447
838571
838657
838777
838913
838991
839161
839327
839453
839551
839651
839801
839903
840053
840179
840277
840451
840571
840713
840823
840941
841021
841157
841241
841333
841459
841661
841849
841933
842077
842161
842291
842371
842449
842531
842701
842819
842969
843103
843211
843347
843457
843559
843679
843811
843911
844117
844187
844309
844447
844511
844619
844757
844891
845021
845167
845261
845371
845531
845723
845863
845969
846113
846247
846383
846457
846661
846757
846917
846983
847079
847169
847279
847423
847543
847673
847789
847937
848087
848203
848363
848467
848593
848699
848797
848893
848993
849127
849223
849383
849539
849701
849773
849931
850033
850139
850247
850349
850433
850613
850781
850943
851057
851177
851273
851381
851491
851623
851731
851839
852011
852149
852239
852367
852559
852641
852769
852857
852989
853103
853283
853429
853577
853717
853819
853933
854047
854141
854323
854417
854527
854647
854869
854957
855089
855229
855331
855431
855607
855719
855821
855937
856073
856169
856301
856411
856519
856649
856759
856853
856969
857069
857203
857333
857453
857579
857711
857827
857953
858073
858217
858293
858457
858589
858749
858859
858961
859081
859249
859363
859493
859609
859709
859853
859981
860077
860267
860351
860423
860579
860689
860813
860927
861019
861109
861239
861437
861563
861701
861803
861901
862009
862129
862219
862289
862399
862487
862583
862739
862907
862991
863131
863299
863509
863671
863783
863887
864011
864091
864169
864299
864407
864533
864631
864781
864917
865043
865153
865253
865343
865483
865619
865729
865807
865889
866029
866119
866293
866443
866629
866717
866851
866963
867079
867211
867301
867413
867541
867623
867733
867857
868033
868123
868267
868369
868487
868583
868739
868841
868939
869039
869173
869293
869399
869501
869657
869777
869893
870013
870131
870229
870341
870461
870593
870731
870847
870931
871037
871231
871439
871589
871681
871867
871993
872099
872177
872269
872387
872477
872611
872737
872947
873079
873209
873349
873463
873571
873707
873863
874037
874127
874277
874397
874543
874661
874739
874847
874987
875141
875263
875339
875443
875543
875659
875741
875851
876011
876097
876193
876307
876433
876593
876719
876797
876929
877109
877223
877343
877423
877609
877817
877883
878023
878131
878201
878377
878513
878629
878737
878833
878953
879089
879181
879287
879413
879583
879673
879743
879917
880021
880109
880247
880349
880513
880589
880709
880819
880939
881029
881159
881269
881393
881479
881641
881813
881963
882067
882187
882313
882451
882587
882703
882863
882961
883109
883229
883327
883423
883549
883691
883781
883969
884077
884201
884309
884423
884537
884699
884857
884999
885127
885239
885371
885487
885607
885769
885881
885959
886021
886181
886307
886427
886517
886609
886759
886909
886999
887143
887269
887423
887567
887651
887717
887867
888001
888133
888257
888373
888457
888631
888737
888827
888961
889043
889211
889327
889429
889597
889727
889891
889997
890117
890237
890429
890563
890717
890843
890941
891049
891173
891329
891439
891557
891629
891749
891829
891929
892079
892169
892291
892457
892579
892709
892841
892987
893093
893161
893317
893413
893549
893701
893863
893989
894119
894203
894277
894407
894521
894637
894763
894923
895051
895189
895291
895387
895529
895651
895729
895823
895933
896111
896293
896381
896521
896617
896771
896947
897059
897163
897301
897433
897527
897607
897727
897887
898033
898147
898231
898319
898459
898553
898691
898823
898981
899159
899237
899429
899611
899749
899863
900001
900139
900241
900349
900551
900607
900737
900821
900973
901097
901207
901333
901447
901529
901709
901841
901973
902087
902261
902357
902501
902611
902753
902849
902987
903151
903311
903407
903541
903677
903827
903979
904097
904207
904361
904513
904627
904693
904789
904879
904999
905137
905209
905339
905497
905647
905719
905897
906011
906133
906263
906371
906473
906589
906701
906793
906911
907031
907169
907259
907369
907469
907583
907703
907811
907927
908057
908183
908353
908459
908539
908623
908749
908851
908927
909047
909151
909287
909343
909463
909611
909737
909829
909911
910093
910171
910279
910471
910627
910771
910909
911063
911161
911233
911341
911459
911657
911737
911851
911951
912061
912217
912367
912467
912533
912773
912859
912973
913103
913309
913433
913579
913771
913943
914161
914279
914369
914513
914597
914731
914827
914941
915053
915197
915283
915479
915601
915703
915851
915973
916103
916187
916319
916451
916537
916679
916859
916973
917093
917179
917291
917459
917591
917687
917773
917849
918011
918139
918223
918347
918443
918587
918737
918839
918959
919067
919189
919319
919423
919613
919759
919883
919969
920147
920263
920371
920467
920641
920743
920849
920971
921091
921199
921331
921491
921611
921737
921841
921959
922069
922217
922309
922451
922531
922639
922741
922973
923123
923201
923341
923441
923543
923617
923773
923917
923983
924073
924197
924361
924463
924601
924713
924779
924881
925039
925109
925193
925339
925447
925577
925669
925831
925949
926087
926171
926309
926423
926557
926659
926777
926903
927013
927167
927317
927497
927631
927743
927847
928051
928157
928273
928423
928547
928649
928793
928903
929029
929113
929239
929381
929497
929587
929693
929809
929953
930079
930191
930289
930469
930583
930719
930847
930991
931153
931267
931417
931573
931729
931837
931921
932039
932177
932257
932419
932521
932597
932761
932887
932983
933151
933263
933397
933551
933677
933811
933931
934033
934117
934253
934399
934499
934597
934723
934837
934919
935023
935167
935303
935423
935581
935677
935777
935903
936127
936233
936379
936493
936599
936713
936827
936953
937121
937241
937429
937577
937663
937777
937883
937991
938071
938219
938323
938447
938573
938761
938881
938989
939121
939287
939377
939511
939677
939791
939923
940031
940189
940297
940403
940543
940691
940787
940903
941011
941131
941249
941359
941471
941561
941669
941771
941933
942037
942143
942257
942401
942541
942661
942811
942899
943031
943139
943273
943363
943477
943603
943763
943841
943967
944143
944261
944399
944519
944591
944711
944857
944969
945179
945349
945457
945589
945731
945823
945941
946079
946177
946331
946469
946607
946733
946859
946961
947129
947327
947407
947509
947651
947753
947873
948019
948133
948263
948401
948487
948671
948847
948971
949051
949213
949391
949477
949621
949691
949853
949961
950039
950179
950281
950447
950519
950647
950743
950867
950993
951079
951193
951343
951449
951583
951697
951887
952009
952129
952229
952363
952507
952649
952741
952859
952957
953077
953221
953347
953503
953639
953773
953923
954011
954167
954263
954379
954509
954671
954827
954917
955039
955147
955267
955363
955481
955657
955781
955891
955987
956119
956281
956393
956587
956789
956929
957041
957133
957247
957409
957557
957701
957821
957953
958051
958193
958339
958423
958541
958667
958787
958897
959009
959183
959279
959389
959533
959681
959809
959921
960049
960151
960299
960467
960587
960691
960833
960989
961087
961141
961243
961399
961529
961633
961703
961789
961879
962009
962131
962303
962459
962561
962669
962783
962903
963031
963181
963283
963367
963499
963667
963761
963847
963979
964151
964261
964351
964501
964589
964753
964879
964969
965113
965191
965317
965429
965551
965677
965843
965989
966157
966257
966353
966439
966557
966677
966883
966991
967171
967327
967441
967567
967721
967831
967937
968041
968147
968267
968377
968479
968593
968731
968897
969037
969139
969271
969421
969503
969667
969763
969877
970027
970111
970247
970391
970493
970657
970793
970877
970969
971053
971153
971279
971387
971491
971639
971759
971903
971989
972113
972199
972319
972409
972557
972661
972827
972967
973067
973187
973333
973459
973631
973787
973901
974089
974177
974293
974419
974513
974599
974749
974863
974959
975049
975187
975287
975427
975551
975671
975823
975941
976091
976193
976309
976471
976561
976699
976853
977023
977183
977299
977413
977593
977747
977881
978031
978079
978209
978323
978427
978541
978689
978821
978931
979063
979189
979291
979379
979541
979747
979907
980071
980179
980363
980471
980593
980719
980887
980999
981077
981209
981311
981443
981569
981691
981811
981949
982087
982183
982321
982453
982613
982759
982843
982973
983141
983239
983363
983449
983579
983777
983861
984007
984127
984307
984383
984461
984593
984749
984911
985013
985151
985301
985433
985519
985639
985759
985903
985993
986137
986213
986369
986509
986597
986719
986819
986941
987043
987127
987293
987463
987593
987797
987941
988051
988157
988279
988417
988549
988651
988783
988909
989081
989251
989353
989479
989641
989761
989869
989959
990043
990239
990323
990389
990529
990673
990841
990961
991057
991171
991313
991447
991567
991663
991811
991927
991987
992129
992267
992393
992539
992689
992843
992941
993079
993211
993319
993451
993611
993781
993893
994013
994141
994247
994337
994457
994583
994711
994831
994927
995053
995237
995363
995461
995587
995677
995833
995983
996109
996197
996311
996461
996601
996739
996871
997001
997091
997147
997267
997357
997511
997627
997739
997877
997973
998083
998219
998377
998497
998629
998743
998857
998957
999067
999217
999359
999499
999623
999763
999931
1000039
1000183
1000273
1000393
1000507
1000621
1000723
1000889
1001003
1001093
1001219
1001327
1001431
1001551
1001669
1001807
1001953
1002077
1002173
1002299
1002427
1002511
1002623
1002751
1002851
1002917
1003049
1003193
1003337
1003411
1003589
1003711
1003787
1003913
1004063
1004209
1004323
1004477
1004651
1004743
1004917
1005041
1005143
1005241
1005371
1005467
1005593
1005701
1005913
1006037
1006163
1006237
1006309
1006393
1006531
1006637
1006799
1006933
1007047
1007161
1007309
1007429
1007557
1007701
1007767
1007861
1007971
1008101
1008229
1008347
1008433
1008547
1008659
1008817
1008911
1009007
1009159
1009247
1009357
1009457
1009573
1009669
1009843
1009991
1010131
1010297
1010431
1010567
1010719
1010797
1010917
1011037
1011163
1011277
1011391
1011583
1011671
1011797
1011947
1012079
1012183
1012267
1012399
1012481
1012573
1012663
1012763
1012919
1013041
1013239
1013399
1013531
1013641
1013741
1013843
1013993
1014131
1014229
1014337
1014469
1014617
1014743
1014869
1015009
1015093
1015207
1015409
1015499
1015571
1015727
1015853
1015981
1016069
1016173
1016339
1016441
1016597
1016737
1016879
1016959
1017097
1017209
1017323
1017437
1017559
1017703
1017827
1017959
1018123
1018291
1018439
1018613
1018709
1018811
1018931
1019023
1019173
1019273
1019399
1019479
1019639
1019717
1019819
1019927
1020049
1020157
1020329
1020419
1020583
1020709
1020839
1020959
1021001
1021123
1021253
1021303
1021403
1021561
1021697
1021831
1021963
1022113
1022201
1022377
1022491
1022591
1022701
1022849
1022977
1023101
1023227
1023311
1023409
1023551
1023721
1023857
1024021
1024159
1024319
1024411
1024559
1024693
1024823
1024939
1025029
1025137
1025239
1025333
1025443
1025551
1025669
1025807
1025917
1026061
1026199
1026313
1026427
1026577
1026679
1026833
1026941
1027051
1027189
1027319
1027459
1027567
1027717
1027787
1028003
1028089
1028189
1028273
1028411
1028579
1028737
1028843
1028981
1029139
1029251
1029349
1029473
1029563
1029653
1029827
1029943
1030033
1030153
1030297
1030439
1030583
1030741
1030823
1030951
1031117
1031281
1031413
1031507
1031629
1031753
1031923
1032131
1032299
1032391
1032497
1032613
1032721
1032839
1032949
1033061
1033189
1033337
1033421
1033493
1033603
1033751
1033841
1034029
1034177
1034249
1034359
1034491
1034617
1034771
1034861
1034983
1035131
1035263
1035383
1035473
1035599
1035733
1035917
1036039
1036153
1036261
1036339
1036471
1036619
1036751
1036853
1036979
1037123
1037293
1037411
1037537
1037677
1037801
1037929
1038041
1038187
1038263
1038409
1038539
1038637
1038757
1038937
1039043
1039169
1039343
1039477
1039631
1039799
1039943
1040069
1040159
1040311
1040419
1040579
1040731
1040807
1040891
1041041
1041149
1041241
1041329
1041497
1041583
1041737
1041857
1041983
1042099
1042193
1042331
1042451
1042597
1042703
1042849
1043011
1043167
1043279
1043401
1043543
1043657
1043761
1043869
1043981
1044139
1044217
1044343
1044437
1044569
1044727
1044781
1044889
1045027
1045151
1045241
1045393
1045507
1045607
1045729
1045903
1046053
1046191
1046351
1046459
1046627
1046779
1046897
1047041
1047131
1047247
1047323
1047479
1047589
1047703
1047833
1047961
1048043
1048193
1048357
1048517
1048613
1048759
1048877
1049023
1049117
1049183
1049339
1049483
1049599
1049687
1049833
1049899
1050041
1050197
1050323
1050449
1050611
1050773
1050913
1051027
1051157
1051319
1051471
1051591
1051697
1051819
1051949
1052063
1052203
1052309
1052459
1052563
1052731
1052851
1052993
1053097
1053263
1053407
1053511
1053593
1053749
1053959
1054043
1054189
1054301
1054373
1054483
1054609
1054723
1054909
1055063
1055191
1055347
1055429
1055591
1055737
1055863
1055947
1056061
1056173
1056287
1056379
1056521
1056623
1056779
1056917
1057037
1057183
1057361
1057489
1057613
1057739
1057897
1058011
1058143
1058249
1058377
1058489
1058627
1058711
1058791
1058951
1059067
1059181
1059271
1059433
1059557
1059701
1059823
1059937
1060091
1060223
1060343
1060403
1060513
1060673
1060861
1061033
1061143
1061287
1061407
1061569
1061651
1061771
1061881
1062001
1062251
1062379
1062547
1062697
1062847
1062947
1063039
1063159
1063273
1063441
1063529
1063627
1063747
1063849
1063927
1064029
1064179
1064311
1064407
1064521
1064681
1064801
1064951
1065037
1065133
1065307
1065469
1065593
1065709
1065829
1065941
1066111
1066253
1066339
1066447
1066619
1066753
1066883
1066999
1067137
1067263
1067387
1067509
1067621
1067747
1067849
1067987
1068113
1068251
1068343
1068461
1068589
1068709
1068811
1068917
1069087
1069207
1069349
1069463
1069571
1069639
1069807
1069931
1070021
1070171
1070249
1070347
1070453
1070557
1070689
1070869
1071023
1071151
1071241
1071359
1071451
1071571
1071703
1071841
1071977
1072157
1072327
1072433
1072613
1072801
1072867
1072969
1073113
1073209
1073321
1073447
1073587
1073713
1073857
1073983
1074107
1074259
1074377
1074511
1074649
1074751
1074889
1074973
1075073
1075163
1075259
1075397
1075493
1075619
1075691
1075771
1075973
1076069
1076167
1076303
1076429
1076513
1076657
1076813
1076917
1077101
1077233
1077397
1077541
1077707
1077799
1077913
1078027
1078159
1078333
1078417
1078673
1078787
1078879
1079009
1079087
1079213
1079329
1079453
1079569
1079671
1079809
1079927
1080007
1080091
1080229
1080311
1080439
1080553
1080683
1080797
1080899
1080983
1081123
1081237
1081337
1081501
1081687
1081763
1081859
1082017
1082141
1082209
1082377
1082491
1082603
1082723
1082969
1083073
1083191
1083307
1083391
1083517
1083689
1083827
1083913
1084051
1084177
1084313
1084459
1084579
1084673
1084799
1084943
1085047
1085153
1085351
1085459
1085657
1085771
1085873
1086047
1086149
1086257
1086347
1086461
1086587
1086703
1086863
1086989
1087129
1087301
1087433
1087553
1087679
1087789
1087897
1088023
1088123
1088273
1088419
1088533
1088623
1088723
1088839
1088987
1089133
1089299
1089461
1089563
1089713
1089941
1090097
1090211
1090373
1090469
1090613
1090759
1090879
1090939
1091023
1091147
1091239
1091329
1091411
1091549
1091639
1091749
1091917
1092061
1092173
1092283
1092389
1092479
1092667
1092827
1092911
1093033
1093133
1093249
1093363
1093517
1093633
1093717
1093823
1093943
1094029
1094129
1094293
1094417
1094531
1094623
1094701
1094831
1094939
1095049
1095221
1095319
1095449
1095557
1095719
1095811
1095931
1096079
1096201
1096373
1096489
1096583
1096741
1096859
1096981
1097101
1097209
1097359
1097483
1097627
1097729
1097869
1097947
1098121
1098233
1098397
1098509
1098667
1098803
1099051
1099171
1099289
1099409
1099499
1099589
1099717
1099799
1099933
1100051
1100161
1100273
1100387
1100509
1100653
1100831
1100909
1101109
1101283
1101389
1101473
1101587
1101691
1101811
1101937
1102069
1102187
1102301
1102429
1102547
1102691
1102813
1102901
1102999
1103111
1103237
1103371
1103533
1103617
1103779
1103911
1104097
1104193
1104307
1104409
1104557
1104683
1104767
1104833
1104947
1105141
1105217
1105339
1105513
1105603
1105661
1105813
1105919
1106099
1106201
1106293
1106429
1106531
1106671
1106789
1106909
1107019
1107157
1107341
1107467
1107569
1107727
1107803
1107923
1108069
1108181
1108313
1108427
1108507
1108603
1108711
1108771
1108909
1109113
1109231
1109347
1109473
1109579
1109749
1109861
1109951
1110089
1110269
1110367
1110517
1110589
1110727
1110881
1110959
1111031
1111157
1111259
1111393
1111499
1111639
1111727
1111867
1112011
1112113
1112201
1112351
1112477
1112569
1112677
1112779
1112911
1113019
1113157
1113253
1113403
1113557
1113713
1113859
1113961
1114063
1114261
1114381
1114507
1114613
1114723
1114849
1114969
1115089
1115239
1115351
1115453
1115561
1115657
1115771
1115911
1116091
1116257
1116347
1116491
1116631
1116751
1116911
1117031
1117153
1117279
1117439
1117549
1117661
1117763
1117867
1117967
1118041
1118189
1118317
1118483
1118653
1118783
1118863
1118969
1119109
1119299
1119473
1119623
1119737
1119863
1120051
1120187
1120313
1120429
1120529
1120627
1120723
1120799
1120907
1121017
1121143
1121249
1121369
1121453
1121671
1121833
1121993
1122113
1122241
1122389
1122491
1122647
1122761
1122983
1123189
1123307
1123403
1123517
1123621
1123709
1123873
1123951
1124087
1124209
1124317
1124443
1124603
1124741
1124833
1125001
1125139
1125221
1125361
1125473
1125581
1125763
1125899
1125991
1126211
1126351
1126441
1126553
1126667
1126787
1126897
1127051
1127183
1127297
1127381
1127507
1127603
1127767
1127881
1128031
1128181
1128293
1128427
1128539
1128637
1128719
1128781
1128937
1129033
1129169
1129313
1129441
1129559
1129693
1129789
1129897
1130053
1130251
1130321
1130447
1130621
1130711
1130813
1130957
1131103
1131217
1131329
1131421
1131547
1131701
1131799
1131883
1131997
1132177
1132333
1132477
1132567
1132661
1132787
1132927
1133009
1133159
1133257
1133381
1133519
1133641
1133777
1133861
1133971
1134113
1134193
1134389
1134481
1134607
1134709
1134871
1134989
1135091
1135201
1135291
1135429
1135619
1135733
1135861
1135963
1136087
1136203
1136329
1136449
1136593
1136669
1136819
1136951
1137091
1137209
1137337
1137527
1137659
1137781
1137883
1137977
1138141
1138369
1138451
1138637
1138729
1138831
1138967
1139081
1139239
1139321
1139473
1139557
1139717
1139851
1139959
1140137
1140257
1140383
1140493
1140637
1140803
1140929
1141027
1141097
1141241
1141303
1141423
1141571
1141739
1141871
1142017
1142159
1142269
1142363
1142539
1142693
1142821
1142923
1143049
1143113
1143257
1143407
1143577
1143697
1143851
1144007
1144153
1144271
1144357
1144483
1144603
1144723
1144879
1144973
1145099
1145213
1145327
1145429
1145611
1145743
1145849
1146049
1146221
1146391
1146521
1146679
1146779
1146829
1146931
1147051
1147183
1147249
1147379
1147459
1147583
1147711
1147897
1148039
1148219
1148339
1148513
1148663
1148747
1148921
1148999
1149157
1149233
1149409
1149521
1149607
1149769
1149901
1149991
1150139
1150217
1150397
1150519
1150649
1150733
1150837
1150927
1151057
1151167
1151251
1151389
1151473
1151611
1151713
1151879
1152023
1152121
1152287
1152419
1152629
1152733
1152841
1152989
1153073
1153183
1153261
1153421
1153517
1153639
1153769
1153967
1154123
1154233
1154327
1154467
1154567
1154723
1154887
1155001
1155127
1155247
1155419
1155569
1155631
1155821
1155907
1155971
1156039
1156171
1156303
1156423
1156537
1156643
1156769
1156907
1157059
1157179
1157251
1157357
1157491
1157627
1157747
1157839
1157987
1158139
1158271
1158389
1158481
1158593
1158679
1158821
1158953
1159063
1159189
1159283
1159429
1159583
1159777
1159889
1160009
1160161
1160279
1160371
1160479
1160597
1160771
1160927
1161011
1161113
1161239
1161371
1161481
1161551
1161683
1161829
1161929
1162061
1162223
1162321
1162471
1162547
1162631
1162741
1162867
1162951
1163033
1163131
1163221
1163333
1163479
1163609
1163689
1163783
1163923
1164043
1164193
1164367
1164497
1164593
1164689
1164841
1164979
1165079
1165189
1165301
1165421
1165643
1165777
1165873
1165949
1166089
1166219
1166393
1166507
1166597
1166723
1166839
1166969
1167143
1167251
1167359
1167547
1167653
1167731
1167839
1167937
1168133
1168249
1168361
1168493
1168639
1168799
1168897
1169009
1169137
1169269
1169381
1169477
1169627
1169747
1169879
1170031
1170133
1170251
1170397
1170523
1170641
1170721
1170833
1171031
1171117
1171243
1171421
1171549
1171661
1171811
1171957
1172023
1172147
1172329
1172443
1172537
1172681
1172807
1172939
1173059
1173199
1173373
1173521
1173593
1173811
1173941
1174049
1174193
1174301
1174423
1174507
1174627
1174759
1174879
1174973
1175123
1175267
1175413
1175561
1175677
1175789
1175857
1175981
1176113
1176223
1176391
1176521
1176631
1176767
1176881
1177019
1177147
1177223
1177427
1177513
1177621
1177733
1177873
1178003
1178113
1178197
1178269
1178417
1178557
1178689
1178767
1178921
1178993
1179179
1179287
1179379
1179491
1179589
1179779
1179883
1179989
1180073
1180159
1180303
1180423
1180549
1180693
1180807
1180891
1180961
1181057
1181203
1181311
1181473
1181581
1181729
1181881
1181987
1182143
1182331
1182421
1182491
1182677
1182763
1182893
1183027
1183141
1183213
1183349
1183471
1183607
1183753
1183843
1183981
1184081
1184173
1184329
1184423
1184507
1184663
1184797
1184933
1185077
1185241
1185343
1185469
1185601
1185677
1185791
1185889
1186033
1186117
1186259
1186411
1186597
1186741
1186847
1187023
1187167
1187309
1187369
1187479
1187623
1187717
1187833
1187939
1188029
1188167
1188263
1188361
1188529
1188637
1188763
1188931
1189033
1189159
1189277
1189417
1189579
1189649
1189763
1189891
1190023
1190159
1190311
1190477
1190591
1190723
1190831
1190947
1191077
1191149
1191283
1191431
1191563
1191679
1191769
1191937
1192069
1192171
1192253
1192369
1192517
1192673
1192823
1192903
1193041
1193161
1193267
1193431
1193537
1193683
1193761
1193867
1193989
1194157
1194269
1194407
1194541
1194671
1194769
1194889
1194997
1195127
1195231
1195459
1195561
1195703
1195807
1195937
1196089
1196231
1196357
1196501
1196603
1196731
1196869
1197013
1197107
1197211
1197307
1197409
1197577
1197743
1197907
1198033
1198123
1198247
1198361
1198451
1198609
1198751
1198903
1199047
1199167
1199369
1199459
1199557
1199659
1199777
1199879
1199999
1200179
1200349
1200443
1200583
1200701
1200869
1200959
1201061
1201163
1201283
1201483
1201583
1201709
1201873
1202023
1202107
1202239
1202347
1202477
1202609
1202783
1202857
1203019
1203179
1203287
1203457
1203581
1203731
1203809
1203913
1204003
1204169
1204309
1204453
1204597
1204729
1204873
1205081
1205179
1205387
1205513
1205629
1205713
1205843
1205999
1206131
1206223
1206347
1206467
1206587
1206721
1206791
1207027
1207121
1207259
1207351
1207447
1207627
1207841
1207981
1208113
1208237
1208371
1208521
1208681
1208813
1208941
1209107
1209209
1209311
1209463
1209583
1209709
1209821
1209973
1210067
1210193
1210379
1210439
1210597
1210753
1210843
1210933
1211057
1211191
1211339
1211489
1211597
1211669
1211761
1211857
1212011
1212149
1212259
1212397
1212487
1212671
1212773
1212853
1212943
1213057
1213151
1213301
1213469
1213591
1213661
1213801
1213913
1214039
1214159
1214273
1214413
1214519
1214641
1214729
1214891
1214977
1215133
1215271
1215391
1215463
1215623
1215719
1215859
1216043
1216177
1216373
1216459
1216583
1216729
1216841
1216939
1217033
1217113
1217207
1217309
1217443
1217537
1217687
1217833
1217941
1218131
1218247
1218383
1218473
1218631
1218761
1218911
1219061
1219213
1219313
1219469
1219613
1219703
1219787
1219849
1219919
1220029
1220249
1220369
1220591
1220717
1220803
1220953
1221079
1221193
1221373
1221463
1221557
1221667
1221821
1222003
1222157
1222259
1222433
1222567
1222679
1222777
1222909
1223029
1223161
1223279
1223419
1223533
1223687
1223777
1223953
1224079
1224193
1224271
1224413
1224599
1224767
1224889
1224991
1225097
1225157
1225327
1225501
1225589
1225703
1225871
1225933
1226063
1226191
1226311
1226461
1226557
1226677
1226779
1226857
1227047
1227167
1227323
1227469
1227649
1227829
1227929
1228013
1228163
1228291
1228397
1228537
1228613
1228783
1228907
1228993
1229149
1229257
1229351
1229453
1229581
1229731
1229903
1230023
1230199
1230331
1230379
1230529
1230667
1230863
1230997
1231093
1231201
1231301
1231381
1231481
1231597
1231721
1231817
1231943
1232089
1232291
1232401
1232531
1232683
1232843
1232981
1233107
1233259
1233409
1233523
1233607
1233761
1233929
1234099
1234243
1234391
1234543
1234721
1234813
1234951
1235093
1235183
1235303
1235419
1235503
1235701
1235833
1235977
1236173
1236329
1236481
1236623
1236727
1236797
1236979
1237079
1237207
1237297
1237433
1237529
1237661
1237829
1237939
1238063
1238179
1238317
1238429
1238537
1238687
1238771
1238903
1239023
1239191
1239319
1239397
1239517
1239607
1239751
1239911
1240007
1240117
1240231
1240363
1240523
1240691
1240769
1240957
1241059
1241243
1241347
1241423
1241509
1241659
1241819
1241941
1242067
1242169
1242289
1242419
1242617
1242781
1242889
1242991
1243147
1243343
1243427
1243547
1243673
1243807
1243927
1244003
1244083
1244203
1244359
1244459
1244567
1244699
1244819
1244923
1245067
1245191
1245421
1245589
1245701
1245799
1245943
1246073
1246213
1246313
1246369
1246471
1246537
1246639
1246781
1246943
1247089
1247231
1247327
1247453
1247569
1247663
1247801
1247947
1248031
1248151
1248253
1248383
1248503
1248631
1248781
1248881
1249019
1249111
1249201
1249343
1249477
1249603
1249693
1249817
1249921
1250069
1250177
1250309
1250461
1250593
1250749
1250839
1250981
1251101
1251287
1251433
1251583
1251721
1251869
1251953
1252079
1252193
1252331
1252451
1252639
1252751
1252903
1253011
1253111
1253327
1253479
1253627
1253761
1253909
1254017
1254091
1254193
1254317
1254469
1254557
1254653
1254761
1254907
1255049
1255139
1255211
1255321
1255427
1255601
1255721
1255847
1255967
1256149
1256303
1256449
1256611
1256729
1256821
1256911
1257029
1257103
1257241
1257323
1257491
1257587
1257721
1257911
1258027
1258141
1258217
1258343
1258441
1258559
1258661
1258781
1258889
1259029
1259087
1259191
1259371
1259539
1259653
1259749
1259903
1260047
1260167
1260319
1260439
1260569
1260691
1260797
1260893
1261069
1261199
1261321
1261459
1261639
1261759
1261861
1261973
1262101
1262269
1262411
1262519
1262629
1262741
1262887
1262957
1263113
1263209
1263331
1263463
1263569
1263697
1263853
1263953
1264061
1264261
1264411
1264577
1264687
1264829
1264903
1265051
1265113
1265273
1265387
1265503
1265603
1265741
1265863
1265959
1266059
1266157
1266269
1266371
1266487
1266583
1266751
1266847
1266931
1267109
1267199
1267403
1267517
1267649
1267787
1267897
1268011
1268147
1268279
1268413
1268549
1268669
1268783
1268881
1269017
1269131
1269239
1269343
1269493
1269641
1269797
1269929
1270067
1270183
1270309
1270421
1270537
1270609
1270747
1270897
1271033
1271129
1271213
1271351
1271449
1271561
1271717
1271833
1271971
1272091
1272203
1272287
1272409
1272589
1272749
1272883
1272983
1273099
1273231
1273333
1273423
1273549
1273687
1273787
1273933
1274087
1274227
1274353
1274509
1274671
1274851
1274989
1275179
1275319
1275499
1275583
1275709
1275829
1275931
1276031
1276133
1276271
1276433
1276579
1276687
1276817
1276949
1277041
1277147
1277321
1277477
1277621
1277743
1277863
1278007
1278163
1278287
1278397
1278493
1278631
1278769
1278881
1279039
1279163
1279253
1279417
1279541
1279657
1279753
1279847
1279961
1280131
1280267
1280401
1280561
1280693
1280803
1280947
1281089
1281211
1281331
1281451
1281563
1281703
1281809
1281941
1282051
1282153
1282279
1282417
1282511
1282613
1282703
1282867
1282961
1283083
1283173
1283383
1283537
1283683
1283771
1283939
1284047
1284263
1284373
1284487
1284617
1284739
1284863
1284991
1285117
1285223
1285301
1285469
1285553
1285741
1285813
1285913
1286071
1286189
1286287
1286447
1286569
1286657
1286797
1286939
1287059
1287163
1287323
1287431
1287541
1287661
1287751
1287857
1287983
1288051
1288171
1288337
1288439
1288597
1288699
1288829
1288919
1289003
1289149
1289287
1289411
1289557
1289657
1289789
1289927
1290077
1290173
1290319
1290467
1290581
1290673
1290869
1291019
1291163
1291271
1291387
1291501
1291691
1291883
1292009
1292141
1292257
1292383
1292539
1292609
1292717
1292857
1292999
1293169
1293283
1293373
1293529
1293647
1293829
1293947
1294031
1294129
1294301
1294399
1294597
1294721
1294849
1295033
1295137
1295263
1295339
1295501
1295611
1295741
1295867
1296011
1296109
1296283
1296409
1296523
1296613
1296749
1296899
1297019
1297139
1297229
1297337
1297411
1297519
1297633
1297771
1297973
1298113
1298221
1298357
1298581
1298747
1298863
1299007
1299101
1299227
1299343
1299451
1299631
1299763
