37420143918669990553917240266856053723450642551317238505346346390783631793507947316203206432747552210763083915922336431
3681199552193185101730456321084265479804324632516564408523493631064697
29940122242060048587010076921207570869016760729806957469994149066626473281579317
418176375960029873036975080473254503488131683874224870512856379444822052412240569125399509
1509650776743252665439029164216829426113432138728680107168615356838882643554714643366780275581012941
14283806131499379947377245812431454678595113309258219554720070687449434028008425646857027640932842798521615419
387242476288833448901968432515420162132440557472037300674399893178374532010242828257029134356561766633064180191077592521
2905789112800128246618250170383929975267153545263058134597129303212560045554669489128154423979417708353075383058084126437095532351
11532489138382082038847545369289718873358850157131955003873060480515854784121314323570859111469004174816625598335784970336903848245776923397
175955371905579745680488376947409552404585524722265683763995199271461437315565557110759409363215964590139047491493385359583194223268004758808698175231
11328113675006205934375786365130985587775185458863358040665156814314728395413999018353205753377059683018849371
1320333474059737985041119302651298538904187342804899133125136778545013153665237601904424104644940211951708286103379790019194167102616032787860299429721616738361