2

29

67

107

157

199

257

311

367

421

467

541

599

647

709

769

829

887

967

1021

1087

1151

1217

1283

1327

1429

1483

1549

1607

1667

1741

1811

1879

1973

2027

2089

2153

2243

2309

2377

2437

2531

2609

2677

2719

2791

2857

2939

3019

3089

3187

3257

3329

3391

3469

3541

3613

3677

3761

3833

3911

3989

4051

4129

4217

4271

4357

4447

4517

4597

4663

4751

4817

4931

4987

5051

5119

5227

5303

5399

5449

5521

5623

5683

5749

5839

5881

6007

6079

6151

6229

6301

6361

6451

6553

6637

6703

6791

6863

6949

7001

7103

7193

7253

7351

7477

7537

7589

7673

7741

7841

7919

8011

8093

8179

8263

8329

8429

8527

8609

8681

8741

8821

8893

8999

9059

9157

9227

9319

9397

9461

9533

9629

9719

9787

9857

9931

10061

10133

10193

10273

10343

10457

10531

10631

10711

10799

10889

10979

11071

11159

11251

11321

11423

11497

11597

11701

11801

11867

11941

12037

12109

12203

12277

12377

12451

12517

12589

12659

12757

12841

12923

13003

13099

13171

13259

13339

13451

13537

13633

13709

13781

13877

13933

14051

14153

14251

14369

14437

14537

14621

14699

14759

14831

14923

15017

15107

15193

15271

15331

15413

15497

15601

15667

15749

15817

15913

16007

16091

16189

16273

16381

16477

16567

16657

16747

16871

16937

17027

17107

17203

17317

17387

17467

17539

17623

17729

17827

17911

17981

18061

18143

18229

18307

18397

18461

18553

18691

18787

18913

19013

19121

19213

19301

19403

19457

19531

19603

19727

19813

19913

19991

20063

20143

20231

20333

20399

20507

20599

20717

20773

20897

20981

21059

21149

21221

21323

21407

21503

21577

21649

21751

21839

21929

22027

22091

22157

22273

22367

22453

22549

22643

22721

22807

22907

23011

23059

23159

23251

23333

23459

23561

23627

23719

23801

23879

23971

24043

24107

24181

24317

24413

24509

24623

24733

24841

24923

25031

25121

25219

25307

25391

25469

25589

25667

25759

25849

25939

26021

26119

26209

26297

26393

26479

26591

26687

26731

26839

26921

27011

27091

27211

27299

27431

27529

27647

27739

27793

27883

27961

28057

28151

28279

28387

28463

28549

28619

28669

28759

28859

28949

29059

29153

29231

29333

29411

29527

29611

29723

29837

29927

30059

30133

30211

30313

30427

30517

30637

30707

30817

30881

30983

31081

31177

31247

31321

31397

31541

31643

31727

31847

31973

32059

32141

32233

32321

32377

32467

32561

32621

32719

32831

32933

32999

33083

33181

33301

33359

33469

33563

33617

33713

33791

33871

33967

34127

34213

34297

34367

34471

34543

34649

34729

34841

34919

35053

35117

35227

35323

35419

35521

35593

35753

35839

35933

36011

36107

36217

36307

36433

36523

36587

36683

36767

36847

36923

37013

37117

37217

37321

37409

37507

37571

37649

37783

37879

37991

38113

38201

38299

38377

38543

38629

38707

38783

38873

38971

39089

39161

39233

39341

39419

39521

39631

39733

39829

39887

40009

40111

40189

40289

40433

40529

40627

40759

40841

40927

41023

41131

41201

41263

41387

41491

41593

41647

41759

41851

41941

42013

42089

42193

42283

42373

42443

42499

42641

42703

42787

42863

42967

43063

43189

43313

43427

43543

43627

43721

43801

43961

44027

44111

44201

44273

44389

44519

44617

44687

44777

44879

44963

45083

45181

45293

45377

45497

45589

45691

45817

45887

46021

46103

46199

46307

46439

46507

46601

46687

46771

46867

47017

47123

47221

47309

47407

47507

47591

47681

47777

47857

47951

48073

48179

48281

48397

48481

48563

48661

48767

48847

48953

49037

49123

49207

49331

49411

49499

49603

49697

49789

49877

49991

50069

50131

50261

50341

50441

50549

50651

50777

50891

50989

51109

51199

51287

51407

51461

51539

51631

51719

51827

51907

52009

52121

52201

52301

52433

52543

52631

52727

52837

52937

53017

53113

53197

53299

53407

53527

53617

53699

53813

53897

53993

54101

54217

54331

54413

54499

54577

54667

54773

54881

54983

55079

55207

55313

55399

55529

55631

55697

55807

55871

55949

56081

56167

56263

56383

56473

56531

56633

56731

56813

56909

56983

57077

57163

57251

57347

57457

57571

57679

57751

57839

57943

58049

58147

58211

58321

58411

58511

58613

58727

58889

58963

59029

59113

59207

59281

59393

59467

59567

59663

59747

59879

60013

60101

60169

60293

60413

60527

60637

60727

60811

60917

61027

61141

61283

61379

61483

61559

61643

61723

61861

61979

62053

62141

62233

62351

62483

62591

62683

62791

62903

62987

63103

63241

63337

63409

63493

63589

63659

63727

63809

63913

64037

64157

64279

64399

64513

64621

64717

64853

64937

65053

65129

65213

65327

65423

65539

65609

65699

65777

65867

65981

66083

66179

66347

66449

66533

66629

66739

66851

66943

67043

67139

67213

67307

67421

67493

67577

67699

67777

67867

67957

68059

68171

68281

68447

68521

68639

68737

68821

68917

69031

69151

69247

69379

69463

69557

69737

69829

69931

70039

70123

70201

70297

70393

70489

70589

70687

70841

70913

70981

71081

71171

71287

71353

71429

71527

71647

71741

71849

71933

72019

72101

72221

72287

72421

72533

72647

72719

72859

72923

73009

73091

73259

73363

73471

73571

73651

73751

73867

73973

74093

74177

74279

74363

74453

74561

74687

74759

74857

74929

75041

75181

75269

75367

75479

75557

75653

75731

75833

75979

76079

76159

76261

76387

76493

76597

76697

76819

76913

77023

77141

77243

77323

77419

77513

77573

77681

77743

77849

77977

78079

78179

78283

78427

78517

78607

78721

78823

78919

79063

79159

79273

79357

79433

79579

79657

79777

79847

79943

80051

80167

80239

80341

80471

80599

80671

80749

80831

80929

81023

81097

81199

81307

81409

81547

81637

81707

81839

81931

82009

82129

82207

82279

82393

82499

82591

82721

82793

82903

83047

83137

83243

83357

83437

83561

83641

83773

83891

84011

84127

84211

84313

84407

84481

84589

84701

84809

84947

85037

85121

85229

85333

85447

85549

85639

85733

85843

85999

86113

86197

86287

86357

86453

86539

86689

86783

86927

87013

87121

87223

87317

87433

87539

87613

87683

87767

87881

87977

88093

88259

88397

88513

88657

88771

88819

88919

89021

89107

89213

89317

89417

89519

89599

89671

89809

89899

89989

90059

90163

90239

90371

90469

90547

90677

90803

90907

91009

91129

91199

91303

91397

91499

91621

91757

91841

91961

92077

92179

92251

92363

92419

92551

92641

92707

92791

92867

92987

93097

93187

93281

93377

93491

93563

93719

93871

93941

94033

94121

94261

94349

94441

94543

94621

94771

94841

94951

95071

95143

95233

95317

95429

95527

95617

95723

95803

95917

96001

96149

96233

96331

96457

96553

96671

96769

96851

96979

97081

97177

97327

97429

97547

97609

97777

97859

97961

98057

98221

98323

98419

98507

98627

98729

98849

98911

98999

99103

99181

99289

99401

99529

99623

99719

99823

99907

100043

100169

100279

100379

100483

100549

100693

100801

100931

101027

101119

101207

101323

101411

101503

101599

101701

101797

101891

101999

102071

102161

102241

102337

102461

102551

102653

102793

102911

103043

103123

103291

103399

103529

103613

103703

103843

103969

104033

104123

104233

104327

104471

104551

104677

104729

104827

104933

105031

105199

105277

105373

105491

105557

105673

105769

105929

106019

106163

106261

106321

106411

106531

106649

106721

106787

106903

106993

107099

107209

107339

107473

107641

107741

107843

107941

108037

108139

108223

108343

108457

108541

108677

108793

108883

108949

109049

109141

109253

109363

109451

109541

109621

109789

109849

109937

110063

110237

110323

110479

110567

110629

110753

110879

110939

111049

111149

111269

111409

111497

111611

111731

111821

111893

112019

112121

112223

112291

112363

112559

112643

112787

112913

113011

113081

113147

113189

113341

113453

113567

113723

113809

113933

114031

114143

114221

114329

114479

114601

114679

114773

114883

115013

115123

115223

115321

115429

115561

115657

115763

115823

115879

115981

116107

116201

116341

116443

116537

116687

116797

116911

116989

117101

117203

117307

117413

117517

117643

117727

117809

117889

117989

118093

118219

118361

118453

118583

118681

118787

118897

119027

119099

119191

119299

119447

119569

119671

119759

119839

119953

120047

120157

120247

120383

120511

120619

120709

120811

120877

120943

121039

121169

121291

121357

121453

121553

121631

121763

121921

122011

122069

122201

122273

122389

122489

122579

122701

122827

122921

123017

123127

123259

123379

123457

123551

123653

123733

123833

123973

124097

124183

124297

124363

124489

124601

124717

124783

124909

125029

125131

125231

125339

125441

125591

125669

125743

125887

125963

126047

126173

126271

126397

126491

126611

126719

126827

126961

127103

127219

127297

127423

127549

127643

127709

127807

127877

128033

128159

128257

128347

128437

128519

128629

128747

128857

128959

129023

129121

129229

129347

129457

129529

129629

129749

129893

130003

130087

130211

130307

130409

130489

130619

130681

130811

130969

131063

131203

131303

131431

131501

131627

131731

131837

131933

132049

132169

132283

132371

132499

132607

132679

132751

132863

132967

133087

133183

133279

133379

133493

133631

133711

133831

133979

134077

134177

134269

134359

134471

134597

134731

134857

134951

135059

135193

135281

135389

135463

135581

135637

135727

135851

135977

136093

136207

136309

136379

136453

136531

136621

136733

136849

136951

137077

137177

137273

137369

137453

137587

137707

137827

137933

138053

138143

138241

138349

138449

138559

138629

138739

138869

138967

139123

139273

139343

139429

139537

139661

139747

139871

139969

140071

140197

140297

140407

140477

140603

140681

140773

140867

140983

141107

141221

141301

141413

141529

141637

141707

141803

141917

142019

142111

142211

142357

142469

142573

142697

142799

142907

143053

143177

143287

143443

143513

143609

143711

143821

143953

144071

144203

144307

144413

144539

144629

144751

144847

144967

145063

145207

145307

145441

145513

145603

145709

145807

145933

146021

146099

146221

146323

146423

146543

146677

146801

146893

146989

147107

147221

147311

147401

147517

147617

147727

147799

147949

148091

148199

148331

148429

148531

148663

148747

148861

148949

149053

149113

149213

149323

149411

149503

149579

149729

149837

149921

150053

150131

150221

150343

150431

150559

150659

150797

150901

150991

151121

151213

151303

151423

151517

151597

151673

151771

151871

151969

152081

152203

152297

152419

152531

152629

152753

152837

152939

153059

153137

153287

153407

153487

153563

153719

153871

153949

154067

154157

154267

154351

154487

154591

154699

154799

154897

155017

155153

155231

155371

155453

155569

155657

155723

155809

155893

156089

156227

156329

156487

156601

156683

156797

156913

157037

157133

157219

157277

157363

157489

157627

157739

157837

157933

158071

158209

158329

158419

158551

158621

158759

158867

159013

159157

159223

159349

159463

159553

159667

159739

159811

159931

160049

160159

160253

160397

160507

160627

160697

160789

160883

161017

161123

161237

161341

161471

161569

161683

161773

161881

161983

162109

162269

162413

162523

162611

162703

162787

162881

162989

163117

163199

163327

163417

163561

163643

163771

163861

163987

164071

164191

164279

164377

164471

164617

164707

164837

165001

165103

165247

165367

165463

165553

165667

165749

165883

166021

166157

166273

166363

166487

166613

166693

166823

166909

167017

167081

167173

167269

167407

167483

167623

167747

167873

167987

168089

168247

168347

168481

168601

168719

168863

168977

169069

169181

169307

169373

169501

169633

169709

169823

169919

170021

170123

170231

170327

170389

170509

170633

170749

170827

170921

171047

171163

171271

171427

171529

171637

171713

171811

171917

172031

172157

172243

172343

172433

172561

172643

172721

172853

172981

173081

173191

173293

173483

173573

173683

173777

173867

173981

174071

174157

174289

174407

174491

174631

174737

174851

174943

175069

175267

175391

175493

175633

175727

175843

175939

176023

176123

176213

176321

176389

176489

176551

176641

176777

176857

176977

177101

177217

177337

177467

177589

177761

177883

177949

178069

178183

178289

178397

178489

178597

178681

178807

178889

178951

179083

179173

179287

179393

179479

179579

179659

179749

179849

179951

180023

180179

180263

180347

180473

180563

180731

180847

181031

181183

181273

181399

181523

181667

181757

181873

181957

182047

182129

182233

182341

182467

182561

182641

182747

182857

182953

183059

183247

183319

183397

183499

183581

183707

183871

183971

184057

184181

184273

184409

184517

184627

184711

184837

184967

185063

185149

185243

185363

185491

185567

185683

185753

185849

185951

186023

186119

186229

186311

186451

186601

186701

186773

186889

187067

187133

187211

187339

187417

187513

187639

187763

187897

187987

188159

188291

188369

188473

188609

188707

188827

188911

189011

189149

189253

189361

189439

189523

189619

189733

189853

189949

190051

190207

190321

190409

190579

190667

190769

190843

190997

191099

191227

191341

191467

191537

191669

191749

191837

191999

192097

192191

192307

192383

192539

192611

192737

192817

192917

193003

193133

193243

193373

193451

193573

193679

193789

193871

193957

194083

194179

194353

194507

194653

194723

194839

194933

195049

195137

195253

195343

195457

195581

195733

195809

195919

196003

196117

196201

196337

196501

196597

196709

196831

196927

197063

197159

197269

197347

197441

197573

197683

197773

197909

197971

198097

198223

198323

198427

198529

198637

198761

198841

198953

199039

199207

199343

199447

199559

199673

199753

199853

199967

200063

200191

200323

200401

200573

200689

200807

200909

201031

201151

201251

201403

201499

201611

201709

201797

201889

201961

202063

202187

202327

202409

202577

202679

202777

202907

202999

203173

203279

203351

203429

203579

203669

203821

203947

204019

204143

204311

204377

204487

204599

204733

204857

204973

205081

205171

205297

205417

205483

205559

205661

205837

205963

206039

206177

206237

206303

206413

206519

206639

206813

206917

207029

207139

207257

207343

207463

207521

207619

207719

207833

207967

208057

208147

208277

208379

208463

208529

208667

208787

208927

209029

209179

209257

209347

209441

209549

209639

209743

209837

209953

210037

210139

210229

210317

210407

210523

210659

210803

210901

211007

211097

211217

211297

211427

211543

211657

211741

211867

211943

212099

212207

212369

212467

212593

212777

212873

212987

213097

213203

213287

213383

213523

213623

213751

213887

213977

214051

214163

214283

214433

214507

214607

214723

214789

214891

215077

215191

215317

215417

215507

215681

215797

215899

216023

216127

216259

216379

216523

216647

216751

216841

216947

217069

217201

217309

217367

217457

217577

217697

217823

217969

218083

218171

218363

218447

218531

218629

218723

218839

218963

219031

219119

219281

219389

219503

219607

219689

219767

219851

219943

220019

220169

220327

220403

220537

220667

220771

220873

220931

221077

221201

221281

221413

221537

221653

221723

221831

221987

222059

222151

222293

222367

222511

222643

222787

222877

222977

223061

223211

223273

223339

223463

223577

223711

223837

223969

224071

224197

224291

224401

224501

224617

224729

224869

224951

225079

225163

225287

225371

225499

225601

225697

225809

225941

226013

226141

226267

226397

226511

226631

226741

226819

226943

227113

227207

227303

227431

227519

227597

227671

227827

227993

228127

228233

228337

228443

228521

228611

228733

228841

228911

229003

229153

229237

229343

229459

229553

229637

229739

229799

229937

230047

230123

230233

230327

230393

230539

230663

230773

230873

230999

231107

231277

231359

231463

231559

231643

231821

231901

232013

232117

232303

232411

232513

232633

232751

232861

232963

233143

233251

233347

233477

233617

233713

233881

233993

234131

234197

234293

234431

234529

234629

234743

234833

234947

235009

235117

235243

235439

235537

235661

235787

235891

236021

236143

236293

236399

236507

236653

236737

236869

236981

237073

237173

237287

237401

237607

237733

237857

237971

238039

238157

238229

238331

238439

238531

238681

238781

238879

238991

239137

239243

239357

239461

239567

239689

239803

239893

240011

240101

240203

240341

240473

240589

240707

240811

240899

241037

241127

241259

241337

241453

241559

241651

241771

241861

241931

242057

242161

242273

242413

242491

242621

242713

242813

242971

243109

243203

243343

243461

243539

243643

243781

243871

244009

244141

244247

244339

244411

244507

244603

244703

244813

244897

245039

245173

245291

245417

245521

245627

245723

245849

245963

246097

246193

246277

246391

246527

246637

246731

246811

246923

247007

247193

247309

247409

247531

247613

247729

247829

247943

248051

248137

248231

248323

248447

248569

248641

248753

248851

248909

249097

249199

249317

249427

249517

249607

249749

249859

249971

250049

250169

250361

250501

250703

250787

250867

250979

251081

251179

251257

251359

251473

251539

251653

251809

251897

252001

252151

252233

252341

252449

252589

252727

252829

252919

253063

253243

253369

253469

253567

253651

253763

253853

253949

254039

254161

254281

254413

254593

254731

254827

254911

254993

255083

255179

255251

255413

255503

255617

255713

255847

255923

256031

256133

256219

256391

256499

256609

256757

256901

257053

257171

257281

257371

257473

257611

257713

257863

257981

258101

258161

258299

258403

258491

258607

258677

258763

258917

259001

259159

259229

259397

259517

259627

259717

259823

259949

260047

260201

260339

260453

260551

260671

260791

260893

261011

261089

261271

261389

261509

261601

261713

261823

261983

262111

262193

262321

262411

262541

262649

262739

262883

263023

263119

263227

263323

263437

263537

263647

263803

263881

263957

264083

264169

264323

264437

264581

264731

264791

264893

264997

265123

265231

265333

265451

265547

265703

265787

265873

266023

266089

266177

266297

266417

266587

266681

266797

266899

266977

267133

267227

267317

267419

267497

267581

267647

267721

267803

267899

268013

268171

268283

268501

268607

268747

268813

268909

268997

269089

269201

269317

269393

269519

269623

269741

269891

270029

270133

270229

270323

270443

270551

270631

270737

270841

270967

271079

271211

271289

271451

271553

271657

271807

271897

272009

272171

272249

272333

272399

272533

272651

272771

272911

272999

273083

273193

273313

273517

273641

273787

273913

274007

274121

274201

274301

274453

274609

274723

274831

274909

275027

275147

275251

275371

275459

275573

275657

275773

275921

275999

276079

276191

276319

276401

276517

276623

276767

276847

276953

277087

277217

277301

277483

277579

277687

277793

277903

278063

278177

278269

278413

278543

278617

278717

278819

278909

279047

279173

279329

279451

279571

279649

279767

279919

280031

280139

280249

280351

280513

280597

280699

280811

280909

280967

281117

281233

281321

281429

281563

281651

281761

281837

281927

282019

282127

282281

282389

282487

282661

282713

282851

282973

283093

283163

283303

283501

283601

283721

283817

283957

284083

284161

284261

284387

284489

284587

284689

284747

284831

284957

285091

285191

285301

285469

285559

285661

285757

285871

286009

286163

286369

286459

286541

286633

286751

286859

287057

287149

287239

287327

287491

287629

287789

287873

288053

288199

288307

288413

288529

288653

288767

288877

288991

289063

289141

289243

289343

289453

289577

289721

289841

289951

290027

290119

290233

290383

290473

290593

290663

290767

290879

291007

291107

291217

291349

291443

291559

291691

291829

291923

292069

292181

292309

292441

292531

292661

292727

292841

292979

293123

293213

293351

293473

293639

293749

293893

294023

294149

294227

294313

294397

294523

294673

294793

294893

294991

295081

295237

295333

295441

295601

295777

295871

295949

296047

296201

296279

296441

296551

296651

296731

296819

296941

297061

297169

297359

297467

297589

297683

297809

297911

298031

298159

298247

298369

298513

298651

298733

298847

299017

299113

299261

299363

299473

299569

299701

299843

299951

300073

300191

300301

300413

300499

300631

300721

300799

300893

301013

301141

301241

301361

301463

301583

301673

301793

301907

301997

302173

302287

302443

302579

302681

302831

302909

302989

303073

303187

303313

303389

303497

303593

303689

303803

303931

304039

304151

304259

304391

304477

304553

304687

304781

304883

304961

305069

305209

305339

305413

305489

305603

305743

305849

305971

306121

306209

306347

306431

306517

306653

306763

306871

306949

307091

307187

307277

307397

307529

307633

307759

307903

308081

308153

308311

308437

308521

308639

308801

308923

309011

309107

309223

309311

309437

309523

309629

309769

309877

310027

310129

310273

310397

310501

310591

310729

310823

310931

311041

311189

311323

311447

311567

311687

311807

311963

312073

312203

312269

312353

312469

312589

312701

312799

312937

313031

313151

313273

313351

313517

313597

313699

313783

313921

313991

314113

314219

314299

314423

314549

314641

314771

314917

315037

315179

315281

315421

315521

315599

315701

315851

315961

316073

316193

316291

316403

316501

316637

316717

316819

316919

317029

317171

317269

317371

317489

317599

317711

317783

317921

318001

318173

318247

318319

318431

318569

318679

318781

318881

319001

319097

319201

319327

319427

319499

319601

319727

319829

319937

320041

320119

320237

320329

320471

320591

320693

320839

320939

321073

321199

321313

321383

321509

321619

321743

321833

321983

322067

322171

322271

322417

322537

322613

322757

322877

322997

323093

323243

323371

323471

323591

323711

323837

323987

324113

324211

324329

324437

324517

324637

324743

324839

324949

325019

325133

325229

325343

325463

325597

325693

325777

325889

325993

326113

326189

326369

326539

326611

326701

326869

326983

327071

327211

327319

327421

327499

327583

327707

327823

327889

328037

328121

328277

328373

328511

328633

328777

328883

329009

329123

329243

329317

329471

329591

329671

329773

329899

330017

330103

330227

330313

330427

330587

330683

330787

330877

331027

331153

331249

331339

331489

331553

331691

331801

331909

332009

332147

332219

332393

332473

332611

332749

332887

333019

333103

333233

333337

333439

333517

333667

333757

333871

334021

334133

334261

334387

334493

334619

334717

334787

334963

335047

335123

335249

335383

335507

335633

335729

335843

335999

336113

336221

336317

336491

336571

336653

336767

336857

336977

337069

337217

337313

337411

337537

337651

337759

337871

337969

338153

338213

338293

338383

338473

338581

338747

338857

339049

339139

339257

339413

339589

339671

339799

339907

340057

340127

340283

340397

340541

340633

340757

340859

340931

341041

341179

341287

341357

341507

341623

341743

341851

341963

342073

342197

342299

342379

342497

342647

342761

342869

343037

343163

343261

343337

343481

343579

343661

343801

343913

344039

344173

344243

344321

344453

344621

344749

344843

344941

345019

345181

345311

345479

345581

345679

345757

345869

345997

346117

346217

346337

346417

346501

346607

346711

346873

347003

347099

347183

347287

347437

347563

347707

347801

347933

347993

348097

348241

348367

348443

348559

348661

348811

348919

349051

349177

349313

349387

349483

349589

349753

349837

349931

350033

350179

350347

350443

350587

350711

350783

350891

351011

351077

351223

351311

351401

351517

351667

351773

351863

352007

352109

352237

352349

352411

352493

352619

352757

352867

352991

353117

353203

353359

353473

353621

353699

353813

353917

354031

354139

354253

354329

354421

354539

354667

354763

354877

354983

355057

355139

355339

355463

355541

355651

355777

355891

356023

356141

356287

356443

356561

356701

356869

356977

357103

357211

357319

357437

357571

357659

357733

357817

357983

358109

358229

358313

358447

358573

358681

358753

358867

358973

359063

359167

359291

359389

359501

359621

359747

359911

360071

360197

360293

360457

360611

360817

360907

361001

361183

361279

361373

361469

361561

361723

361807

361927

362051

362143

362237

362353

362429

362581

362741

362897

362983

363067

363211

363343

363403

363529

363589

363751

363841

363949

364079

364213

364321

364423

364537

364643

364751

364891

364997

365119

365231

365333

365461

365527

365627

365759

365903

366029

366161

366221

366313

366433

366517

366697

366811

366901

366997

367097

367207

367307

367453

367561

367663

367771

367853

368029

368117

368231

368359

368491

368597

368737

368857

369013

369133

369253

369361

369557

369731

369841

369979

370061

370169

370373

370451

370547

370661

370801

370919

371099

371227

371303

371387

371513

371663

371843

371941

372049

372167

372289

372397

372497

372653

372739

372829

372917

373049

373183

373273

373361

373489

373649

373777

373943

374039

374117

374219

374347

374483

374653

374729

374819

374929

375019

375103

375203

375259

375391

375509

375593

375707

375833

375979

376063

376183

376351

376483

376589

376687

376793

376853

376963

377129

377257

377353

377513

377593

377717

377827

377999

378127

378229

378353

378493

378583

378691

378817

378941

379033

379147

379277

379391

379499

379597

379699

379817

379913

380047

380189

380287

380377

380483

380641

380803

380909

381011

381167

381287

381377

381467

381559

381707

381817

381977

382073

382241

382373

382519

382621

382727

382813

382933

383051

383143

383281

383417

383533

383633

383753

383833

383951

384061

384157

384259

384359

384481

384599

384719

384827

384961

385081

385171

385291

385403

385537

385621

385771

385877

385997

386119

386219

386303

386401

386521

386629

386723

386921

387031

387161

387263

387403

387551

387679

387791

387967

388099

388181

388277

388403

388529

388693

388793

388903

389027

389117

389227

389369

389507

389569

389699

389797

389923

389999

390109

390209

390347

390419

390493

390671

390751

390877

390991

391073

391217

391331

391399

391579

391693

391801

391903

392033

392131

392221

392281

392383

392503

392629

392761

392851

392963

393073

393143

393247

393373

393487

393581

393671

393749

393871

393997

394129

394249

394369

394523

394633

394733

394829

394969

395089

395159

395273

395407

395513

395657

395767

395921

396061

396197

396299

396413

396533

396629

396719

396937

397037

397153

397283

397373

397517

397597

397751

397849

397981

398077

398207

398303

398393

398477

398591

398711

398857

398977

399097

399181

399281

399433

399541

399643

399739

399871

399983

400093

400237

400313

400441

400607

400721

400859

401017

401113

401243

401371

401519

401651

401809

401917

402029

402131

402263

402359

402503

402583

402751

402823

402947

403061

403181

403309

403439

403577

403687

403829

403951

404021

404167

404267

404387

404483

404557

404819

404969

405049

405211

405287

405413

405527

405659

405719

405829

405949

406067

406207

406339

406499

406573

406673

406817

406993

407177

407257

407347

407483

407579

407699

407791

407893

407993

408131

408223

408341

408433

408553

408689

408773

408913

409021

409153

409271

409379

409483

409597

409729

409831

409909

410009

410149

410279

410383

410489

410617

410717

410807

410999

411071

411193

411311

411449

411563

411641

411737

411833

411991

412067

412157

412249

412387

412561

412637

412807

412949

413081

413159

413263

413461

413587

413719

413863

414013

414097

414209

414313

414413

414521

414641

414707

414779

414899

415013

415111

415201

415381

415517

415609

415691

415801

415949

416023

416167

416291

416413

416497

416621

416821

416957

417097

417187

417293

417419

417523

417631

417733

417863

417959

418051

418177

418289

418357

418493

418637

418771

418843

418927

419051

419183

419297

419429

419513

419597

419711

419827

419959

420103

420269

420341

420439

420557

420691

420803

420929

421049

421159

421303

421417

421501

421657

421727

421907

422063

422113

422243

422353

422479

422621

422759

422869

422969

423083

423179

423277

423389

423469

423581

423727

423823

423961

424037

424147

424247

424351

424519

424639

424757

424843

424939

425071

425207

425309

425419

425521

425681

425837

425911

426073

426197

426331

426487

426637

426739

426841

426931

427067

427181

427307

427417

427477

427619

427781

427913

427993

428083

428177

428303

428489

428569

428683

428809

428977

429137

429241

429361

429463

429529

429643

429727

429851

429917

430007

430121

430303

430453

430579

430709

430789

430879

430979

431063

431191

431287

431399

431533

431659

431797

431869

431983

432059

432161

432281

432373

432479

432569

432713

432799

432959

433061

433151

433259

433357

433453

433607

433681

433813

433943

434087

434201

434297

434387

434479

434611

434761

434849

434933

435041

435161

435263

435371

435481

435577

435653

435769

435893

436003

436147

436279

436417

436523

436627

436739

436871

436999

437137

437243

437363

437501

437629

437729

437867

438017

438203

438287

438419

438527

438637

438769

438887

438983

439157

439289

439427

439541

439639

439753

439849

439961

440087

440203

440311

440399

440527

440641

440723

440849

440983

441079

441179

441281

441449

441563

441697

441827

441937

442033

442157

442237

442367

442499

442601

442747

442823

442961

443039

443129

443221

443291

443413

443533

443609

443753

443869

443941

444047

444167

444287

444403

444517

444589

444713

444841

444929

445031

445169

445297

445463

445589

445703

445847

445967

446123

446231

446353

446461

446603

446767

446909

447019

447173

447257

447409

447509

447641

447791

447883

448013

448139

448207

448367

448561

448703

448843

448927

449077

449161

449261

449347

449441

449591

449689

449807

449959

450067

450161

450257

450349

450431

450533

450643

450787

450841

450917

451051

451181

451309

451439

451579

451679

451783

451897

451967

452087

452233

452393

452537

452671

452813

452983

453137

453227

453329

453527

453637

453709

453877

453983

454079

454219

454331

454453

454579

454721

454849

454967

455093

455219

455317

455407

455489

455597

455701

455831

455969

456047

456193

456367

456499

456571

456649

456769

456901

457021

457139

457253

457363

457433

457571

457679

457817

457981

458069

458219

458377

458533

458629

458747

458891

458971

459031

459181

459313

459397

459521

459649

459817

459961

460091

460211

460349

460463

460627

460721

460871

460969

461051

461183

461299

461407

461521

461653

461819

461971

462103

462239

462377

462491

462577

462673

462827

462911

463103

463247

463321

463453

463537

463679

463787

463889

463993

464119

464201

464309

464437

464549

464663

464773

464879

464953

465041

465133

465211

465331

465469

465643

465781

465901

466027

466121

466261

466369

466547

466649

466777

466919

467081

467197

467329

467471

467531

467629

467699

467827

467903

468029

468121

468239

468359

468493

468599

468683

468773

468883

468983

469153

469267

469369

469529

469649

469757

469877

469993

470131

470213

470303

470417

470501

470599

470689

470831

470933

471061

471179

471281

471407

471533

471641

471719

471847

471943

472067

472163

472301

472399

472559

472691

472799

472921

473101

473201

473321

473441

473513

473617

473761

473911

473987

474077

474197

474337

474437

474547

474659

474779

474911

474983

475141

475271

475351

475429

475583

475679

475759

475841

475927

476029

476111

476249

476401

476513

476639

476743

476869

477011

477131

477313

477461

477557

477721

477811

477913

478067

478171

478271

478411

478481

478603

478729

478813

478901

478999

479153

479263

479377

479497

479599

479777

479881

480013

480071

480169

480349

480449

480527

480661

480803

480941

481043

481133

481207

481363

481489

481633

481721

481843

481963

482093

482227

482351

482423

482527

482659

482731

482827

482947

483139

483239

483367

483481

483577

483719

483809

483907

484061

484153

484283

484411

484531

484643

484787

485029

485131

485311

485423

485587

485717

485893

486037

486133

486247

486349

486449

486569

486667

486767

486907

487007

487099

487247

487387

487469

487603

487709

487793

487897

488021

488171

488249

488329

488417

488573

488687

488759

488893

489011

489133

489257

489389

489487

489631

489743

489847

489943

490033

490169

490271

490421

490541

490619

490769

490913

490991

491137

491261

491341

491483

491581

491669

491789

491899

492029

492113

492377

492467

492617

492707

492799

492979

493109

493169

493249

493393

493523

493627

493747

493873

493979

494093

494237

494341

494441

494567

494671

494737

494849

494987

495119

495221

495343

495421

495557

495617

495713

495799

495931

496039

496193

496303

496453

496549

496711

496871

496963

497093

497197

497303

497449

497537

497659

497737

497867

497989

498103

498259

498401

498521

498613

498749

498857

498973

499099

499159

499283

499403

499523

499637

499693

499819

499969

500107

500197

500299

500413

500509

500677

500791

500891

500977

501089

501191

501271

501409

501577

501703

501827

501967

502079

502217

502393

502507

502633

502769

502861

503039

503207

503303

503407

503549

503647

503779

503879

503983

504121

504209

504337

504461

504599

504683

504853

504947

505049

505123

505231

505327

505447

505537

505643

505759

505877

506071

506183

506329

506423

506533

506629

506743

506873

506983

507109

507197

507359

507497

507607

507743

507839

507971

508091

508229

508331

508471

508567

508693

508847

508951

509063

509221

509329

509449

509573

509681

509767

509879

510007

510089

510217

510311

510451

510583

510707

510827

511001

511111

511201

511297

511417

511519

511603

511757

511873

511997

512147

512333

512507

512591

512683

512797

512917

513013

513101

513203

513319

513427

513533

513697

513781

513937

514051

514127

514249

514361

514519

514639

514741

514831

514933

515149

515293

515401

515597

515687

515783

515917

516049

516169

516251

516361

516449

516563

516653

516757

516883

516979

517087

517211

517289

517403

517499

517577

517711

517831

517967

518099

518171

518261

518417

518533

518699

518767

518867

519031

519121

519257

519371

519499

519581

519703

519817

519943

520063

520213

520349

520411

520567

520679

520787

520943

521039

521161

521267

521369

521491

521557

521693

521791

521887

522037

522157

522239

522371

522479

522623

522707

522827

522919

523049

523219

523403

523511

523603

523717

523829

523969

524087

524201

524287

524411

524591

524731

524869

524957

525013

525163

525253

525379

525467

525593

525713

525817

525947

526051

526157

526271

526387

526499

526619

526681

526777

526913

527053

527143

527251

527381

527489

527623

527753

527897

528001

528131

528263

528401

528511

528673

528799

528911

529027

529121

529237

529343

529489

529619

529709

529829

529979

530063

530203

530293

530393

530531

530641

530741

530843

530977

531103

531229

531343

531547

531631

531821

531877

532009

532159

532267

532373

532453

532601

532687

532783

532919

533033

533167

533257

533363

533543

533711

533821

533927

534013

534091

534229

534341

534511

534629

534707

534883

535019

535159

535273

535399

535571

535673

535783

535939

536051

536147

536243

536353

536449

536533

536677

536773

536867

536953

537037

537157

537281

537403

537611

537749

537853

538019

538127

538249

538333

538481

538567

538711

538799

538927

539089

539159

539269

539351

539509

539663

539783

539899

540121

540203

540343

540433

540557

540677

540773

540877

541061

541201

541309

541439

541537

541631

541759

541859

541999

542093

542167

542263

542461

542551

542693

542797

542933

543029

543161

543253

543341

543497

543611

543707

543827

543889

544009

544133

544277

544477

544627

544757

544877

544961

545089

545213

545429

545527

545621

545749

545893

546001

546101

546211

546323

546467

546613

546691

546869

546977

547121

547271

547373

547487

547577

547663

547787

547901

548083

548213

548347

548441

548533

548671

548771

548861

548963

549091

549193

549319

549449

549553

549667

549739

549883

550027

550139

550267

550427

550519

550637

550721

550841

550961

551059

551179

551311

551443

551557

551689

551767

551911

552011

552107

552259

552397

552523

552677

552791

552887

553043

553123

553229

553411

553507

553589

553687

553789

553921

554051

554171

554293

554431

554597

554699

554789

554849

554969

555091

555253

555361

555521

555683

555827

556007

556103

556253

556327

556477

556583

556687

556763

556823

556939

557027

557159

557321

557461

557573

557729

557801

557927

558091

558203

558319

558473

558541

558683

558793

558937

559081

559211

559313

559459

559549

559639

559747

559859

559991

560093

560173

560239

560341

560479

560597

560701

560803

560897

561059

561161

561313

561419

561607

561809

561961

562103

562271

562337

562421

562537

562633

562711

562831

562963

563039

563119

563287

563417

563551

563743

563869

563999

564103

564229

564313

564407

564497

564671

564797

564959

565057

565189

565289

565387

565483

565567

565661

565849

565973

566101

566213

566393

566521

566617

566707

566833

566977

567097

567257

567401

567527

567659

567767

567877

567979

568097

568189

568289

568441

568609

568709

568877

568991

569077

569189

569263

569431

569581

569683

569773

569861

569983

570077

570161

570359

570421

570511

570613

570697

570841

570949

571049

571199

571303

571433

571601

571721

571811

571903

572053

572177

572303

572417

572497

572599

572683

572807

572903

573007

573163

573317

573451

573511

573679

573791

573887

574003

574157

574279

574393

574507

574643

574733

574913

575033

575137

575249

575401

575513

575623

575717

575857

575959

576049

576193

576299

576431

576533

576647

576721

576791

577007

577111

577249

577351

577471

577559

577721

577849

577937

578063

578209

578327

578453

578537

578647

578777

578857

579011

579133

579281

579427

579529

579611

579707

579829

579949

580081

580219

580357

580487

580631

580717

580813

580919

581069

581173

581263

581369

581473

581599

581729

581843

581947

582067

582181

582317

582457

582601

582727

582809

582949

583031

583181

583279

583403

583501

583619

583733

583859

583991

584099

584281

584411

584561

584663

584767

584879

584993

585061

585163

585317

585461

585581

585691

585791

585881

585989

586111

586237

586363

586471

586589

586693

586813

586919

587017

587107

587189

587303

587441

587539

587623

587737

587833

587959

588043

588151

588257

588397

588517

588649

588773

588911

589049

589187

589289

589439

589579

589711

589811

589933

590099

590201

590321

590407

590599

590717

590833

590983

591113

591259

591391

591509

591649

591751

591887

592057

592157

592307

592387

592489

592601

592693

592849

592939

593059

593171

593251

593381

593479

593573

593651

593863

593993

594151

594241

594359

594457

594563

594679

594821

594929

595039

595117

595201

595291

595379

595547

595709

595873

595963

596069

596179

596279

596423

596587

596671

596803

596899

596987

597137

597301

597407

597523

597613

597697

597833

597967

598123

598219

598387

598489

598657

598777

598883

598987

599143

599273

599383

599491

599611

599713

599857

599983

600101

600241

600319

600421

600557

600689

600833

600947

601037

601187

601259

601339

601487

601669

601801

601889

602033

602111

602227

602317

602431

602543

602677

602759

602887

602999

603131

603257

603443

603553

603679

603791

603881

603931

604057

604249

604349

604477

604609

604727

604819

604931

605039

605173

605261

605411

605533

605617

605809

605909

606029

606091

606251

606413

606539

606653

606791

606913

607003

607093

607163

607303

607363

607573

607721

607843

607951

608089

608191

608347

608411

608521

608659

608767

608887

608989

609113

609227

609313

609407

609527

609613

609751

609887

609997

610199

610327

610457

610579

610699

610787

610867

610969

611101

611257

611411

611531

611641

611803

611921

611999

612071

612173

612307

612383

612589

612719

612817

612929

613061

613189

613267

613421

613493

613607

613733

613841

613981

614113

614219

614387

614543

614639

614729

614849

614981

615107

615269

615389

615479

615599

615731

615799

615919

616073

616157

616243

616367

616463

616537

616703

616789

616897

617011

617119

617233

617333

617429

617531

617689

617761

617873

618029

618173

618301

618407

618559

618643

618841

618971

619057

619181

619279

619471

619603

619711

619813

619967

620099

620227

620317

620413

620531

620647

620759

620869

620999

621097

621241

621359

621473

621631

621749

621883

622019

622123

622241

622337

622493

622603

622709

622861

622997

623107

623291

623387

623531

623669

623729

623869

623963

624067

624199

624277

624419

624517

624643

624737

624839

624997

625129

625237

625367

625517

625637

625789

625913

626033

626189

626333

626489

626617

626701

626797

626947

627073

627169

627293

627433

627593

627673

627799

627953

628063

628207

628319

628447

628651

628757

628841

628993

629113

629281

629411

629537

629653

629747

629861

629939

630067

630193

630349

630521

630607

630733

630893

631003

631157

631271

631399

631487

631577

631711

631819

631903

632029

632123

632251

632329

632447

632561

632683

632839

632941

633067

633221

633359

633463

633583

633751

633823

633961

634097

634199

634279

634397

634523

634643

634727

634853

634939

635087

635263

635339

635423

635527

635659

635809

635909

635989

636109

636257

636343

636499

636619

636749

636851

636983

637139

637277

637339

637463

637573

637699

637781

637909

638081

638201

638371

638527

638689

638861

639007

639151

639263

639391

639533

639637

639713

639857

640007

640099

640219

640279

640463

640613

640727

640859

640957

641089

641213

641371

641471

641581

641761

641843

641929

642079

642199

642359

642517

642623

642797

642899

643009

643087

643231

643429

643547

643651

643751

643919

644047

644129

644201

644353

644443

644557

644653

644753

644863

644951

645049

645179

645383

645493

645581

645683

645787

645901

646039

646181

646271

646403

646543

646643

646837

646913

647033

647117

647263

647363

647489

647593

647693

647789

647909

648041

648119

648239

648341

648449

648649

648779

648917

649039

649141

649279

649421

649501

649613

649697

649787

649871

649991

650183

650327

650479

650591

650779

650873

651019

651139

651239

651331

651481

651649

651769

651857

651997

652121

652261

652357

652451

652567

652651

652747

652871

652957

653113

653267

653461

653561

653651

653761

653893

653977

654067

654187

654301

654427

654553

654671

654779

654877

655003

655111

655243

655351

655489

655579

655687

655859

656023

656153

656303

656389

656527

656671

656753

656917

657029

657121

657281

657403

657497

657607

657743

657929

658057

658159

658277

658367

658487

658607

658751

658873

658969

659069

659221

659353

659501

659609

659689

659831

659947

660053

660137

660251

660367

660509

660599

660719

660809

660901

661027

661117

661237

661393

661517

661673

661873

661949

662059

662203

662323

662443

662539

662681

662797

662939

663031

663163

663281

663409

663563

663631

663787

663893

663983

664099

664193

664331

664459

664579

664661

664739

664849

665017

665113

665207

665299

665429

665563

665677

665801

665953

666067

666167

666301

666461

666599

666697

666811

666937

667091

667229

667361

667463

667553

667687

667801

667903

668033

668159

668347

668539

668623

668747

668873

668999

669121

669283

669379

669479

669659

669733

669863

669947

670097

670217

670321

670457

670543

670669

670781

670919

671039

671159

671269

671383

671519

671647

671779

671917

671999

672103

672181

672289

672439

672593

672767

672827

672949

673073

673193

673291

673399

673459

673573

673667

673817

673991

674131

674249

674371

674537

674699

674761

674851

674977

675113

675197

675313

675457

675569

675713

675839

675931

676043

676147

676289

676409

676589

676727

676861

676943

677029

677147

677311

677447

677561

677687

677857

678047

678191

678299

678409

678499

678607

678719

678773

678901

679037

679157

679277

679373

679487

679607

679741

679837

679909

679999

680123

680237

680341

680431

680539

680657

680831

680971

681049

681167

681293

681409

681521

681631

681773

681899

681997

682147

682259

682337

682463

682607

682733

682933

683083

683251

683357

683471

683597

683713

683807

683873

683983

684121

684287

684379

684493

684617

684757

684841

684989

685081

685199

685339

685453

685547

685679

685781

685973

686041

686143

686293

686423

686551

686729

686843

686969

687023

687121

687277

687359

687443

687541

687679

687779

687917

688031

688147

688297

688411

688543

688661

688757

688889

689033

689113

689261

689369

689467

689621

689779

689869

689951

690089

690259

690397

690493

690611

690793

690929

691111

691193

691337

691463

691631

691721

691813

691903

691997

692117

692269

692347

692423

692539

692663

692771

692929

693061

693167

693353

693437

693571

693689

693757

693871

694039

694193

694313

694373

694483

694571

694721

694871

694997

695087

695239

695323

695411

695567

695659

695771

695879

696061

696181

696323

696427

696533

696659

696793

696889

697013

697111

697217

697379

697453

697579

697687

697787

697951

698051

698251

698339

698447

698543

698723

698903

699059

699169

699271

699379

699493

699581

699757

699943

700079

700199

700303

700391

700537

700639

700789

700897

701011

701179

701329

701417

701507

701611

701711

701863

702017

702173

702281

702349

702451

702551

702679

702787

702881

703039

703193

703277

703393

703531

703679

703789

703907

704023

704131

704233

704309

704453

704569

704681

704779

704857

704989

705073

705167

705277

705437

705631

705781

705883

706003

706109

706201

706301

706427

706597

706703

706787

706907

707011

707143

707279

707431

707573

707689

707801

707911

707981

708049

708161

708283

708361

708497

708601

708823

708937

709097

709211

709321

709447

709561

709679

709789

709871

709967

710089

710293

710383

710491

710573

710683

710849

710917

711001

711131

711259

711409

711523

711653

711749

711859

711959

712109

712237

712357

712489

712601

712711

712847

712961

713117

713191

713309

713399

713509

713663

713831

713939

714107

714227

714463

714551

714691

714827

714907

715031

715153

715243

715361

715489

715613

715727

715843

715909

715999

716161

716351

716459

716563

716687

716789

716917

717047

717149

717317

717449

717559

717683

717851

718007

718169

718331

718411

718513

718661

718807

718937

719063

719179

719281

719441

719597

719699

719791

719941

720053

720179

720281

720367

720497

720653

720773

720887

720983

721079

721163

721229

721333

721451

721613

721709

721891

722023

722147

722257

722341

722459

722581

722737

722881

723029

723103

723169

723269

723391

723479

723589

723761

723857

723959

724093

724219

724393

724487

724573

724643

724777

724901

725041

725149

725317

725393

725531

725671

725827

725953

726071

726157

726307

726419

726533

726641

726779

726899

727003

727123

727247

727327

727471

727613

727729

727817

727949

728113

728269

728417

728551

728681

728747

728867

728929

729037

729199

729331

729457

729559

729643

729749

729907

729991

730157

730321

730469

730591

730747

730819

730909

731047

731191

731261

731389

731567

731681

731767

731869

731981

732101

732211

732293

732467

732617

732749

732863

732997

733133

733273

733339

733433

733591

733757

733867

733963

734087

734203

734329

734443

734557

734707

734813

734933

735061

735143

735239

735341

735439

735533

735697

735829

735953

736051

736159

736279

736403

736577

736741

736889

736993

737111

737207

737327

737483

737567

737683

737797

737897

738043

738173

738317

738403

738539

738713

738839

738937

739051

739153

739253

739351

739433

739549

739649

739799

739943

740053

740171

740323

740473

740581

740687

740891

741001

741079

741193

741347

741473

741593

741709

741857

741973

742117

742219

742327

742499

742579

742699

742817

742991

743123

743177

743279

743447

743669

743791

743917

744071

744203

744371

744493

744641

744739

744859

745013

745141

745273

745397

745601

745711

745837

745981

746099

746183

746267

746413

746531

746723

746807

746939

747053

747223

747361

747457

747563

747713

747833

747919

748039

748211

748337

748471

748597

748691

748801

748871

748987

749137

749219

749339

749443

749641

749761

749891

749993

750131

750203

750401

750521

750679

750791

750917

751027

751147

751237

751321

751423

751579

751669

751763

751879

751997

752117

752207

752303

752483

752603

752747

752833

752977

753127

753257

753421

753547

753647

753737

753839

753983

754093

754181

754279

754373

754483

754627

754751

754907

754981

755087

755233

755333

755437

755567

755717

755813

755977

756139

756253

756403

756541

756667

756773

756923

757111

757259

757363

757481

757583

757727

757879

758003

758137

758237

758341

758453

758579

758711

758789

758929

759029

759167

759293

759431

759553

759623

759701

759821

759959

760117

760211

760297

760447

760537

760637

760807

760913

761009

761161

761251

761377

761441

761533

761633

761777

761897

762017

762211

762329

762409

762571

762737

762871

762967

763067

763201

763349

763447

763573

763649

763787

763901

763999

764081

764233

764339

764501

764623

764783

764893

764999

765103

765199

765283

765383

765503

765623

765773

765889

765983

766109

766229

766321

766421

766531

766651

766807

766901

767029

767153

767317

767443

767549

767677

767783

767881

768073

768191

768301

768373

768461

768623

768767

768857

769003

769117

769247

769357

769469

769591

769729

769871

769997

770069

770183

770309

770449

770573

770657

770813

770909

771019

771143

771283

771403

771503

771619

771703

771887

771997

772127

772273

772381

772493

772649

772757

772907

773023

773117

773251

773393

773533

773611

773767

773867

773987

774083

774173

774289

774467

774593

774703

774811

774931

775087

775193

775361

775513

775633

775757

775919

776047

776159

776249

776429

776521

776683

776819

776947

777041

777169

777247

777383

777463

777619

777743

777863

778013

778109

778223

778357

778469

778559

778693

778769

778903

779003

779131

779267

779413

779573

779659

779767

779887

780037

780179

780323

780421

780601

780707

780833

780931

781043

781139

781271

781367

781453

781559

781673

781819

781961

782011

782129

782219

782371

782489

782669

782791

782981

783089

783193

783323

783421

783571

783691

783749

783803

784081

784181

784307

784379

784471

784573

784717

784859

785003

785129

785227

785329

785423

785549

785651

785779

785921

786047

786173

786311

786433

786613

786707

786881

786971

787079

787217

787357

787483

787573

787747

787811

787973

788071

788167

788309

788383

788479

788569

788761

788873

788971

789091

789181

789377

789511

789623

789721

789857

790021

790121

790271

790379

790501

790607

790709

790831

790961

791047

791191

791309

791419

791563

791699

791851

791951

792061

792163

792277

792377

792521

792613

792691

792797

792959

793123

793253

793399

793519

793627

793733

793843

793967

794041

794141

794207

794389

794491

794587

794741

794923

795077

795149

795253

795449

795539

795659

795761

795871

795979

796139

796247

796363

796487

796583

796709

796813

796921

797009

797077

797281

797399

797551

797611

797743

797897

798043

798131

798221

798331

798481

798613

798727

798887

799031

799217

799333

799471

799573

799661

799801

799949

800057

800143

800243

800399

800497

800573

800663

800741

800897

800999

801103

801277

801379

801517

801631

801791

801949

802073

802163

802297

802471

802603

802729

802811

802979

803119

803273

803399

803497

803623

803741

803911

804017

804119

804239

804367

804511

804607

804743

804847

804941

805037

805121

805249

805331

805463

805537

805711

805843

805933

806041

806159

806291

806389

806549

806761

806903

807017

807151

807251

807407

807493

807629

807787

807931

808081

808217

808351

808439

808589

808693

808789

808981

809101

809213

809323

809423

809527

809707

809779

809869

810013

810137

810259

810367

810437

810539

810653

810809

810941

811081

811193

811289

811457

811583

811697

811777

811933

812051

812183

812297

812381

812491

812633

812717

812939

813083

813199

813283

813383

813529

813677

813829

813971

814049

814139

814243

814399

814537

814633

814783

814889

815029

815173

815291

815417

815533

815653

815809

815933

816047

816161

816239

816401

816559

816691

816821

816899

817013

817111

817211

817331

817483

817669

817769

817871

817951

818113

818249

818347

818453

818659

818821

818977

819083

819239

819317

819431

819493

819617

819719

819811

819943

820109

820223

820321

820411

820559

820657

820759

820909

821039

821113

821263

821411

821497

821663

821809

821897

822013

822163

822253

822343

822433

822587

822683

822763

822881

822989

823153

823243

823373

823499

823621

823721

823789

823913

824039

824179

824287

824459

824591

824701

824821

824939

825029

825131

825259

825347

825443

825553

825689

825791

825959

826051

826169

826313

826393

826559

826667

826729

826867

826967

827129

827269

827423

827539

827693

827809

827899

828007

828109

828239

828409

828601

828703

828823

828917

829063

829177

829273

829501

829637

829727

829841

829987

830131

830267

830353

830447

830561

830677

830827

830911

831043

831167

831329

831437

831559

831653

831731

831829

831913

832109

832211

832361

832451

832591

832673

832729

832861

832957

833057

833201

833353

833477

833617

833737

833873

833999

834143

834277

834469

834593

834671

834809

834949

835039

835217

835379

835469

835609

835733

835841

835957

836107

836189

836299

836449

836573

836701

836807

836917

837071

837191

837367

837467

837619

837737

837923

838039

838141

838349

838421

838547

838613

838757

838889

838951

839087

839269

839429

839497

839617

839767

839887

839981

840139

840241

840347

840523

840683

840767

840911

841003

841097

841223

841297

841427

841601

841751

841921

842047

842141

842249

842341

842419

842507

842623

842791

842939

843067

843179

843301

843397

843527

843643

843781

843889

844087

844157

844279

844429

844489

844601

844709

844847

844999

845111

845219

845347

845459

845659

845809

845927

846059

846217

846353

846421

846577

846739

846871

846961

847051

847151

847247

847367

847519

847621

847729

847901

847997

848149

848297

848429

848567

848651

848779

848851

848941

849097

849203

849347

849481

849601

849743

849883

850009

850093

850211

850303

850403

850537

850711

850891

851033

851153

851251

851351

851423

851573

851677

851813

851953

852121

852199

852301

852463

852613

852751

852833

852937

853057

853211

853387

853543

853687

853799

853901

854033

854111

854263

854383

854461

854617

854801

854927

855061

855199

855307

855401

855527

855697

855739

855901

856043

856139

856249

856381

856483

856571

856717

856831

856939

857039

857161

857287

857411

857567

857671

857749

857903

858001

858149

858259

858397

858527

858707

858821

858931

859049

859189

859297

859447

859577

859679

859823

859933

860059

860143

860323

860399

860533

860641

860789

860911

860971

861079

861191

861361

861547

861647

861761

861877

861977

862097

862181

862261

862369

862471

862567

862669

862819

862957

863087

863251

863479

863609

863749

863867

863959

864053

864137

864251

864359

864503

864613

864733

864887

864989

865091

865217

865321

865457

865591

865687

865771

865867

866003

866087

866221

866399

866573

866693

866819

866933

867037

867161

867263

867397

867487

867589

867689

867817

867959

868103

868211

868331

868451

868559

868691

868799

868891

868999

869131

869257

869369

869467

869587

869747

869863

869983

870097

870197

870301

870431

870547

870679

870811

870911

871001

871177

871337

871531

871649

871817

871963

872071

872159

872243

872369

872441

872567

872671

872843

873043

873133

873319

873427

873541

873667

873773

873991

874109

874249

874351

874477

874637

874721

874813

874919

875113

875239

875323

875417

875513

875627

875711

875803

875969

876067

876149

876263

876371

876529

876653

876769

876871

877057

877187

877313

877399

877573

877739

877871

877997

878099

878183

878299

878453

878597

878681

878797

878893

879023

879143

879269

879371

879539

879653

879709

879859

879979

880069

880211

880331

880427

880559

880687

880799

880903

881003

881141

881219

881351

881471

881591

881729

881917

882031

882169

882253

882433

882551

882659

882779

882923

883073

883193

883273

883397

883489

883639

883739

883921

884029

884167

884269

884369

884491

884651

884813

884977

885097

885217

885307

885427

885551

885727

885823

885931

886007

886129

886247

886381

886471

886583

886741

886859

886981

887101

887233

887387

887503

887629

887693

887837

887947

888091

888203

888323

888431

888541

888689

888793

888919

889027

889139

889289

889373

889519

889697

889873

889951

890083

890177

890371

890531

890683

890809

890893

891001

891133

891287

891409

891521

891593

891679

891817

891899

892027

892141

892261

892421

892547

892657

892781

892933

893041

893131

893257

893381

893489

893657

893821

893929

894073

894181

894239

894371

894451

894589

894721

894871

895009

895157

895253

895351

895469

895627

895703

895799

895903

896069

896201

896347

896479

896561

896717

896897

897019

897133

897263

897359

897497

897581

897703

897847

897983

898109

898211

898283

898423

898523

898663

898787

898921

899123

899209

899387

899519

899693

899831

899939

900091

900187

900307

900491

900587

900689

900797

900937

901067

901177

901273

901427

901501

901657

901787

901931

902039

902191

902333

902471

902591

902687

902807

902971

903103

903251

903389

903479

903641

903761

903919

904073

904181

904297

904489

904577

904667

904769

904861

904933

905087

905189

905297

905461

905617

905693

905819

905963

906107

906229

906331

906427

906539

906673

906757

906869

906973

907139

907223

907331

907433

907549

907667

907759

907891

908003

908137

908287

908419

908521

908597

908723

908819

908893

909031

909113

909247

909329

909437

909547

909691

909791

909899

910031

910127

910219

910451

910603

910711

910849

911023

911129

911219

911311

911419

911597

911707

911831

911903

912047

912187

912337

912449

912511

912649

912839

912953

913039

913247

913397

913513

913723

913907

914047

914239

914357

914467

914579

914701

914801

914887

915029

915157

915251

915391

915557

915659

915769

915947

916061

916169

916261

916411

916501

916633

916831

916933

917053

917153

917243

917381

917549

917641

917759

917831

917951

918103

918193

918319

918431

918563

918679

918793

918943

919031

919153

919267

919409

919559

919703

919823

919939

920107

920209

920323

920419

920539

920707

920807

920951

921031

921169

921259

921457

921581

921677

921787

921913

922043

922123

922289

922367

922511

922627

922717

922897

923051

923177

923309

923407

923509

923591

923711

923861

923963

924041

924151

924323

924421

924529

924683

924757

924841

925019

925087

925163

925279

925399

925517

925637

925783

925921

926027

926131

926251

926389

926507

926623

926741

926867

926983

927137

927287

927431

927569

927683

927821

927973

928139

928253

928351

928469

928621

928769

928859

929009

929077

929197

929311

929431

929561

929641

929777

929891

930071

930173

930277

930409

930551

930667

930817

930973

931123

931213

931351

931537

931691

931783

931901

931999

932131

932221

932357

932483

932579

932681

932839

932951

933061

933221

933329

933479

933643

933787

933883

933979

934069

934223

934343

934481

934561

934673

934799

934897

934981

935113

935243

935393

935513

935639

935719

935843

936097

936203

936319

936451

936557

936679

936779

936919

937033

937207

937373

937511

937637

937721

937841

937943

938053

938129

938279

938387

938537

938681

938857

938969

939091

939203

939359

939451

939623

939767

939871

940001

940157

940259

940361

940523

940619

940759

940871

940981

941117

941207

941323

941453

941519

941641

941741

941903

942013

942091

942217

942341

942509

942637

942763

942869

943003

943091

943219

943321

943421

943571

943741

943801

943913

944077

944233

944387

944473

944561

944687

944803

944929

945103

945293

945397

945547

945673

945809

945907

946021

946123

946291

946417

946549

946697

946819

946931

947033

947239

947381

947449

947627

947741

947851

947963

948067

948187

948349

948449

948581

948797

948929

949033

949159

949307

949451

949589

949667

949789

949939

950009

950149

950239

950393

950497

950617

950717

950819

950947

951053

951131

951299

951413

951557

951649

951829

951967

952111

952199

952297

952439

952583

952691

952823

952933

953039

953171

953321

953483

953567

953707

953873

953987

954133

954253

954323

954469

954623

954743

954869

954979

955103

955223

955319

955457

955607

955729

955853

955957

956083

956261

956377

956513

956723

956881

956999

957107

957211

957349

957529

957641

957769

957917

958039

958159

958319

958369

958501

958609

958729

958871

958963

959149

959263

959369

959477

959627

959773

959879

960017

960131

960251

960383

960527

960649

960803

960961

961067

961123

961189

961339

961487

961613

961679

961769

961853

961981

962077

962243

962431

962509

962623

962743

962861

962971

963143

963239

963341

963481

963643

963719

963817

963913

964081

964219

964309

964433

964571

964697

964829

964933

965087

965177

965267

965407

965507

965639

965779

965963

966113

966227

966323

966409

966521

966653

966863

966937

967111

967297

967397

967507

967693

967787

967903

968017

968117

968239

968329

968437

968557

968699

968831

968963

969109

969253

969377

969467

969599

969721

969851

969929

970069

970219

970303

970457

970603

970777

970859

970943

971029

971141

971251

971357

971473

971563

971713

971857

971959

972071

972161

972271

972373

972481

972623

972793

972901

973033

973151

973289

973411

973561

973757

973853

974041

974159

974269

974401

974489

974563

974713

974837

974923

974999

975151

975263

975383

975509

975643

975797

975899

976013

976147

976301

976447

976537

976639

976817

976957

977147

977243

977369

977539

977693

977831

978007

978071

978179

978277

978389

978491

978643

978773

978883

979031

979163

979261

979361

979481

979691

979873

980027

980149

980299

980431

980579

980689

980827

980921

981061

981173

981287

981419

981517

981637

981769

981919

982061

982147

982271

982381

982577

982697

982819

982931

983119

983197

983327

983441

983531

983701

983813

983951

984091

984253

984353

984427

984563

984703

984859

984959

985109

985277

985399

985487

985601

985723

985867

985979

986101

986191

986333

986477

986569

986693

986779

986927

987013

987089

987211

987391

987541

987713

987911

988007

988111

988237

988357

988501

988607

988733

988861

989029

989231

989327

989441

989581

989743

989831

989929

990013

990179

990293

990371

990503

990631

990797

990917

991031

991127

991229

991409

991531

991633

991741

991889

991973

992087

992231

992359

992461

992623

992801

992903

993037

993197

993269

993407

993541

993703

993851

993977

994073

994229

994309

994417

994561

994691

994811

994901

995009

995173

995339

995431

995551

995651

995783

995941

996049

996169

996271

996407

996563

996649

996847

996967

997057

997121

997219

997327

997439

997589

997693

997807

997949

998069

998197

998311

998429

998561

998689

998831

998941

999029

999169

999307

999437

999599

999721

999883

1000003

1000151

1000231

1000357

1000429

1000589

1000691

1000849

1000973

1001081

1001177

1001311

1001389

1001527

1001629

1001783

1001933

1002049

1002143

1002259

1002361

1002487

1002577

1002719

1002809

1002893

1003003

1003111

1003279

1003369

1003517

1003631

1003757

1003897

1004033

1004141

1004293

1004449

1004561

1004687

1004873

1005013

1005107

1005223

1005331

1005437

1005551

1005661

1005833

1006003

1006147

1006217

1006301

1006361

1006493

1006609

1006769

1006883

1006991

1007119

1007249

1007387

1007519

1007681

1007749

1007819

1007939

1008037

1008199

1008317

1008409

1008503

1008611

1008781

1008863

1008983

1009139

1009207

1009319

1009417

1009531

1009643

1009807

1009937

1010081

1010237

1010411

1010509

1010683

1010771

1010897

1011001

1011107

1011233

1011359

1011539

1011641

1011749

1011917

1012031

1012147

1012241

1012373

1012447

1012547

1012633

1012721

1012831

1013003

1013203

1013321

1013501

1013609

1013713

1013827

1013921

1014113

1014193

1014317

1014397

1014557

1014719

1014821

1014953

1015067

1015163

1015367

1015463

1015549

1015697

1015823

1015913

1016033

1016143

1016237

1016401

1016569

1016681

1016839

1016929

1017043

1017179

1017307

1017377

1017539

1017649

1017787

1017889

1018091

1018247

1018411

1018543

1018673

1018777

1018889

1018987

1019093

1019257

1019353

1019453

1019549

1019699

1019771

1019873

1020023

1020113

1020269

1020401

1020529

1020683

1020821

1020907

1020989

1021087

1021199

1021291

1021373

1021483

1021661

1021793

1021907

1022059

1022179

1022291

1022443

1022519

1022677

1022821

1022929

1023067

1023199

1023289

1023367

1023499

1023653

1023833

1023973

1024099

1024277

1024379

1024511

1024633

1024757

1024909

1024997

1025111

1025203

1025281

1025413

1025513

1025641

1025767

1025897

1026037

1026143

1026257

1026401

1026521

1026667

1026799

1026911

1027003

1027153

1027261

1027417

1027519

1027687

1027759

1027931

1028051

1028129

1028231

1028333

1028557

1028669

1028803

1028953

1029103

1029199

1029331

1029409

1029527

1029617

1029767

1029907

1030021

1030091

1030241

1030411

1030537

1030703

1030801

1030919

1031053

1031231

1031357

1031479

1031593

1031729

1031837

1032067

1032233

1032349

1032463

1032583

1032697

1032799

1032887

1033033

1033139

1033303

1033381

1033463

1033559

1033687

1033801

1034003

1034147

1034233

1034339

1034477

1034591

1034729

1034837

1034951

1035061

1035241

1035343

1035451

1035563

1035649

1035829

1036001

1036117

1036247

1036319

1036391

1036561

1036681

1036799

1036943

1037081

1037249

1037339

1037489

1037627

1037759

1037893

1038017

1038127

1038251

1038337

1038503

1038619

1038721

1038833

1039033

1039127

1039307

1039429

1039553

1039763

1039901

1040051

1040119

1040203

1040387

1040521

1040659

1040783

1040861

1040959

1041121

1041221

1041307

1041449

1041563

1041673

1041829

1041919

1042081

1042141

1042271

1042399

1042571

1042681

1042819

1042949

1043113

1043209

1043351

1043513

1043599

1043747

1043843

1043929

1044091

1044187

1044287

1044391

1044517

1044653

1044761

1044851

1045003

1045117

1045223

1045349

1045469

1045559

1045679

1045829

1046029

1046179

1046263

1046413

1046587

1046687

1046849

1046993

1047107

1047199

1047311

1047419

1047551

1047689

1047773

1047923

1048009

1048129

1048291

1048433

1048589

1048709

1048837

1048963

1049089

1049171

1049281

1049471

1049537

1049677

1049809

1049863

1050011

1050167

1050281

1050421

1050523

1050739

1050887

1051007

1051147

1051291

1051423

1051553

1051643

1051781

1051903

1052027

1052141

1052281

1052417

1052537

1052693

1052803

1052939

1053079

1053233

1053361

1053491

1053581

1053727

1053827

1054007

1054169

1054247

1054337

1054441

1054583

1054679

1054843

1055017

1055143

1055269

1055407

1055531

1055689

1055827

1055917

1056047

1056149

1056269

1056361

1056481

1056599

1056721

1056871

1057013

1057157

1057279

1057421

1057579

1057681

1057853

1057981

1058093

1058203

1058339

1058443

1058591

1058677

1058767

1058861

1059029

1059137

1059257

1059349

1059511

1059671

1059757

1059893

1060043

1060187

1060303

1060379

1060469

1060589

1060769

1060981

1061117

1061261

1061363

1061513

1061623

1061729

1061849

1061959

1062169

1062349

1062497

1062671

1062793

1062911

1063009

1063123

1063219

1063399

1063483

1063609

1063721

1063831

1063913

1063987

1064153

1064263

1064359

1064477

1064653

1064753

1064933

1065013

1065091

1065269

1065391

1065529

1065683

1065809

1065899

1066049

1066217

1066319

1066411

1066561

1066693

1066847

1066979

1067063

1067207

1067359

1067489

1067593

1067707

1067797

1067921

1068101

1068233

1068311

1068409

1068517

1068701

1068761

1068889

1069039

1069183

1069291

1069441

1069547

1069603

1069741

1069919

1069987

1070093

1070231

1070323

1070423

1070527

1070659

1070827

1070947

1071131

1071227

1071337

1071419

1071541

1071661

1071803

1071919

1072129

1072229

1072387

1072517

1072733

1072843

1072943

1073077

1073153

1073279

1073399

1073537

1073651

1073803

1073921

1074071

1074223

1074343

1074473

1074617

1074709

1074851

1074929

1075021

1075141

1075231

1075351

1075463

1075561

1075667

1075757

1075897

1076051

1076129

1076263

1076399

1076501

1076617

1076767

1076879

1077047

1077203

1077347

1077499

1077677

1077761

1077863

1078001

1078127

1078241

1078403

1078589

1078733

1078849

1078967

1079069

1079153

1079297

1079399

1079527

1079647

1079779

1079879

1079983

1080077

1080199

1080281

1080413

1080491

1080649

1080773

1080847

1080943

1081097

1081219

1081303

1081429

1081657

1081733

1081813

1081939

1082093

1082177

1082321

1082443

1082581

1082699

1082881

1083031

1083119

1083287

1083367

1083463

1083611

1083757

1083881

1084001

1084133

1084297

1084423

1084543

1084649

1084771

1084891

1085011

1085137

1085309

1085429

1085611

1085737

1085857

1085971

1086119

1086203

1086307

1086413

1086529

1086647

1086809

1086923

1087091

1087259

1087391

1087517

1087657

1087753

1087843

1087973

1088081

1088239

1088393

1088471

1088611

1088687

1088807

1088957

1089103

1089227

1089421

1089509

1089679

1089877

1090021

1090169

1090273

1090423

1090577

1090717

1090841

1090919

1091003

1091071

1091191

1091269

1091393

1091509

1091617

1091729

1091863

1092041

1092137

1092251

1092361

1092461

1092629

1092779

1092893

1092991

1093109

1093223

1093327

1093441

1093571

1093679

1093753

1093901

1093997

1094099

1094209

1094377

1094473

1094567

1094683

1094801

1094911

1095023

1095169

1095257

1095433

1095529

1095671

1095781

1095851

1096031

1096159

1096349

1096451

1096553

1096691

1096829

1096957

1097051

1097179

1097321

1097441

1097549

1097699

1097849

1097909

1098077

1098203

1098341

1098469

1098623

1098737

1098973

1099117

1099249

1099369

1099487

1099547

1099669

1099771

1099859

1100027

1100131

1100243

1100357

1100471

1100591

1100783

1100887

1101091

1101211

1101349

1101433

1101559

1101671

1101773

1101917

1102021

1102163

1102259

1102397

1102483

1102669

1102733

1102879

1102967

1103087

1103191

1103339

1103489

1103591

1103723

1103873

1104017

1104139

1104247

1104377

1104511

1104659

1104743

1104811

1104919

1105063

1105201

1105327

1105457

1105579

1105639

1105759

1105883

1106029

1106177

1106257

1106407

1106491

1106627

1106767

1106851

1106977

1107101

1107269

1107419

1107523

1107677

1107791

1107893

1108021

1108147

1108253

1108369

1108487

1108571

1108693

1108747

1108867

1109021

1109189

1109291

1109401

1109531

1109663

1109821

1109903

1110041

1110223

1110331

1110449

1110547

1110709

1110821

1110931

1111007

1111087

1111213

1111351

1111457

1111573

1111703

1111801

1111967

1112087

1112159

1112333

1112413

1112549

1112651

1112737

1112857

1112977

1113103

1113199

1113373

1113509

1113667

1113793

1113941

1114037

1114213

1114303

1114489

1114577

1114697

1114811

1114931

1115029

1115207

1115321

1115419

1115533

1115627

1115743

1115857

1116001

1116209

1116319

1116461

1116571

1116701

1116887

1117013

1117099

1117253

1117367

1117483

1117607

1117741

1117817

1117933

1118021

1118137

1118291

1118437

1118569

1118749

1118851

1118941

1119049

1119241

1119397

1119589

1119697

1119821

1119959

1120153

1120289

1120369

1120513

1120577

1120673

1120781

1120871

1120969

1121083

1121203

1121333

1121431

1121621

1121737

1121941

1122089

1122179

1122287

1122449

1122599

1122739

1122923

1123127

1123267

1123379

1123487

1123589

1123691

1123807

1123919

1124041

1124147

1124293

1124429

1124581

1124687

1124807

1124983

1125109

1125203

1125329

1125431

1125559

1125701

1125833

1125941

1126159

1126313

1126399

1126519

1126649

1126759

1126859

1127029

1127153

1127249

1127351

1127447

1127561

1127683

1127837

1127981

1128143

1128251

1128373

1128509

1128601

1128697

1128769

1128901

1128997

1129133

1129253

1129409

1129511

1129643

1129757

1129859

1130023

1130131

1130293

1130417

1130579

1130677

1130803

1130947

1131077

1131157

1131271

1131397

1131491

1131653

1131763

1131863

1131959

1132123

1132301

1132447

1132529

1132633

1132739

1132883

1132991

1133131

1133219

1133333

1133501

1133621

1133683

1133843

1133947

1134059

1134169

1134299

1134449

1134559

1134691

1134821

1134961

1135063

1135159

1135261

1135403

1135531

1135703

1135847

1135919

1136063

1136147

1136299

1136393

1136567

1136647

1136767

1136917

1137007

1137167

1137289

1137457

1137611

1137743

1137863

1137953

1138097

1138273

1138429

1138567

1138681

1138777

1138919

1139011

1139191

1139291

1139423

1139531

1139683

1139819

1139917

1140121

1140233

1140353

1140449

1140577

1140721

1140901

1140991

1141081

1141219

1141279

1141381

1141529

1141661

1141849

1141969

1142083

1142237

1142353

1142503

1142633

1142783

1142891

1143013

1143089

1143223

1143347

1143529

1143647

1143809

1143959

1144139

1144243

1144333

1144441

1144537

1144681

1144837

1144931

1145059

1145189

1145303

1145387

1145537

1145713

1145803

1145999

1146143

1146331

1146487

1146581

1146731

1146799

1146881

1147021

1147127

1147231

1147331

1147441

1147567

1147669

1147841

1147987

1148167

1148297

1148489

1148621

1148729

1148857

1148977

1149061

1149221

1149361

1149493

1149587

1149689

1149859

1149979

1150081

1150199

1150349

1150447

1150603

1150703

1150777

1150879

1151021

1151141

1151233

1151363

1151441

1151593

1151671

1151807

1151987

1152091

1152187

1152383

1152527

1152667

1152791

1152937

1153049

1153157

1153241

1153349

1153483

1153597

1153751

1153871

1154047

1154207

1154299

1154411

1154551

1154651

1154821

1154969

1155097

1155223

1155377

1155499

1155617

1155703

1155863

1155953

1156031

1156121

1156271

1156369

1156483

1156627

1156741

1156847

1157017

1157131

1157227

1157333

1157437

1157591

1157711

1157831

1157953

1158089

1158247

1158341

1158461

1158551

1158643

1158761

1158881

1159027

1159139

1159243

1159397

1159531

1159663

1159853

1159981

1160129

1160221

1160351

1160449

1160567

1160713

1160893

1160989

1161091

1161217

1161317

1161443

1161521

1161637

1161767

1161877

1162009

1162129

1162279

1162423

1162537

1162597

1162709

1162807

1162927

1163003

1163093

1163177

1163273

1163441

1163557

1163653

1163737

1163873

1163993

1164173

1164287

1164439

1164571

1164641

1164811

1164941

1165051

1165147

1165223

1165379

1165531

1165729

1165837

1165933

1166041

1166147

1166329

1166479

1166567

1166677

1166807

1166929

1167077

1167217

1167329

1167469

1167613

1167703

1167821

1167899

1168039

1168241

1168339

1168463

1168621

1168763

1168859

1168969

1169059

1169249

1169347

1169449

1169591

1169687

1169809

1170011

1170109

1170203

1170349

1170497

1170593

1170707

1170803

1170947

1171073

1171207

1171343

1171517

1171619

1171783

1171921

1171999

1172081

1172273

1172411

1172503

1172659

1172783

1172921

1173001

1173173

1173301

1173463

1173583

1173779

1173883

1174021

1174141

1174259

1174361

1174487

1174601

1174721

1174801

1174949

1175077

1175243

1175389

1175497

1175627

1175729

1175821

1175959

1176061

1176187

1176361

1176449

1176599

1176709

1176827

1176949

1177093

1177201

1177331

1177489

1177609

1177711

1177801

1177949

1178069

1178167

1178237

1178371

1178533

1178641

1178719

1178887

1178971

1179149

1179259

1179329

1179421

1179569

1179733

1179859

1179973

1180031

1180121

1180247

1180391

1180519

1180657

1180757

1180859

1180937

1181039

1181171

1181281

1181443

1181561

1181699

1181777

1181963

1182073

1182283

1182397

1182463

1182593

1182737

1182847

1182967

1183103

1183199

1183279

1183423

1183571

1183729

1183811

1183951

1184059

1184143

1184299

1184399

1184473

1184587

1184759

1184903

1185013

1185131

1185319

1185403

1185559

1185659

1185721

1185859

1185979

1186079

1186217

1186373

1186541

1186697

1186813

1186981

1187117

1187261

1187353

1187429

1187561

1187699

1187803

1187897

1188001

1188073

1188233

1188307

1188491

1188601

1188721

1188857

1189003

1189121

1189219

1189361

1189553

1189631

1189751

1189843

1189967

1190081

1190263

1190447

1190533

1190699

1190807

1190911

1191019

1191109

1191221

1191353

1191539

1191637

1191739

1191847

1192013

1192141

1192207

1192339

1192453

1192589

1192781

1192883

1192969

1193123

1193239

1193369

1193501

1193617

1193737

1193837

1193947

1194047

1194241

1194373

1194493

1194631

1194751

1194857

1194961

1195091

1195193

1195387

1195543

1195679

1195759

1195907

1196059

1196201

1196323

1196471

1196539

1196717

1196857

1196959

1197067

1197193

1197277

1197367

1197509

1197697

1197829

1197971

1198073

1198201

1198303

1198427

1198537

1198679

1198861

1198997

1199123

1199329

1199437

1199509

1199621

1199711

1199839

1199953

1200139

1200313

1200383

1200509

1200679

1200811

1200937

1201027

1201117

1201241

1201439

1201553

1201691

1201841

1201999

1202077

1202219

1202317

1202447

1202561

1202743

1202837

1202963

1203149

1203233

1203421

1203533

1203667

1203791

1203893

1203953

1204139

1204271

1204421

1204529

1204681

1204823

1204981

1205123

1205293

1205471

1205563

1205681

1205773

1205951

1206061

1206187

1206319

1206433

1206563

1206701

1206769

1206973

1207097

1207223

1207319

1207429

1207537

1207751

1207957

1208057

1208189

1208299

1208447

1208657

1208789

1208873

1209073

1209181

1209277

1209427

1209557

1209671

1209781

1209931

1210039

1210163

1210289

1210409

1210523

1210711

1210817

1210897

1211027

1211167

1211303

1211423

1211549

1211653

1211731

1211813

1211933

1212103

1212227

1212347

1212443

1212613

1212719

1212839

1212919

1213027

1213129

1213253

1213427

1213561

1213643

1213759

1213897

1213981

1214131

1214221

1214393

1214471

1214617

1214683

1214827

1214959

1215083

1215209

1215349

1215439

1215569

1215673

1215839

1216009

1216123

1216339

1216433

1216559

1216693

1216799

1216903

1217009

1217089

1217171

1217297

1217407

1217509

1217669

1217809

1217921

1218043

1218209

1218307

1218457

1218583

1218727

1218853

1218989

1219129

1219301

1219433

1219549

1219657

1219753

1219837

1219891

1219963

1220171

1220347

1220491

1220689

1220783

1220903

1221029

1221131

1221251

1221443

1221533

1221641

1221791

1221937

1222063

1222231

1222393

1222523

1222643

1222751

1222847

1222993

1223093

1223231

1223351

1223489

1223603

1223753

1223921

1224053

1224149

1224257

1224347

1224529

1224709

1224863

1224967

1225079

1225127

1225297

1225409

1225571

1225663

1225787

1225909

1226011

1226117

1226293

1226377

1226531

1226629

1226713

1226821

1226977

1227143

1227299

1227431

1227563

1227719

1227887

1227983

1228147

1228247

1228373

1228489

1228583

1228693

1228883

1228961

1229113

1229213

1229311

1229401

1229531

1229689

1229869

1229993

1230167

1230301

1230371

1230479

1230629

1230769

1230941

1231063

1231177

1231267

1231339

1231457

1231577

1231691

1231787

1231877

1232069

1232227

1232377

1232461

1232617

1232801

1232941

1233079

1233209

1233371

1233493

1233587

1233709

1233899

1234049

1234231

1234351

1234517

1234657

1234787

1234873

1235041

1235159

1235263

1235383

1235477

1235653

1235807

1235929

1236077

1236259

1236449

1236553

1236701

1236769

1236901

1237051

1237163

1237273

1237393

1237501

1237589

1237783

1237897

1238023

1238129

1238269

1238407

1238509

1238659

1238759

1238843

1238999

1239127

1239269

1239367

1239481

1239583

1239727

1239877

1239971

1240081

1240199

1240319

1240487

1240637

1240741

1240859

1241027

1241173

1241291

1241407

1241489

1241587

1241771

1241923

1242001

1242121

1242233

1242403

1242569

1242757

1242841

1242959

1243129

1243273

1243391

1243511

1243639

1243783

1243877

1243967

1244053

1244167

1244293

1244429

1244531

1244629

1244777

1244879

1245017

1245149

1245379

1245529

1245683

1245779

1245883

1246033

1246187

1246283

1246361

1246433

1246513

1246591

1246733

1246891

1247033

1247177

1247303

1247419

1247549

1247627

1247767

1247881

1248011

1248103

1248229

1248347

1248451

1248571

1248703

1248857

1248979

1249063

1249159

1249319

1249411

1249519

1249669

1249757

1249861

1250021

1250147

1250273

1250443

1250521

1250677

1250801

1250939

1251071

1251227

1251409

1251571

1251703

1251841

1251923

1252057

1252159

1252259

1252421

1252579

1252721

1252873

1252987

1253089

1253261

1253437

1253591

1253729

1253851

1253969

1254059

1254157

1254269

1254427

1254529

1254623

1254733

1254839

1255013

1255117

1255183

1255301

1255391

1255559

1255679

1255811

1255939

1256041

1256243

1256393

1256579

1256693

1256809

1256891

1256993

1257077

1257229

1257307

1257457

1257559

1257691

1257859

1257989

1258109

1258183

1258303

1258421

1258487

1258639

1258723

1258847

1258973

1259057

1259143

1259299

1259509

1259603

1259701

1259851

1260011

1260143

1260283

1260401

1260541

1260643

1260757

1260877

1260989

1261157

1261289

1261387

1261567

1261721

1261829

1261943

1262083

1262221

1262321

1262483

1262617

1262713

1262851

1262929

1263103

1263187

1263307

1263391

1263539

1263659

1263799

1263943

1264033

1264213

1264337

1264559

1264657

1264801

1264883

1264997

1265093

1265197

1265347

1265471

1265573

1265657

1265843

1265921

1266019

1266107

1266247

1266337

1266431

1266539

1266719

1266781

1266913

1267051

1267159

1267307

1267463

1267589

1267727

1267873

1267957

1268093

1268221

1268357

1268467

1268623

1268753

1268843

1269001

1269091

1269197

1269299

1269427

1269571

1269733

1269907

1270033

1270141

1270271

1270361

1270499

1270571

1270667

1270859

1270981

1271089

1271197

1271317

1271401

1271521

1271671

1271807

1271929

1272067

1272163

1272269

1272367

1272547

1272653

1272857

1272937

1273037

1273159

1273309

1273411

1273507

1273663

1273757

1273903

1274041

1274149

1274309

1274423

1274621

1274771

1274929

1275121

1275277

1275437

1275559

1275683

1275803

1275889

1276007

1276117

1276213

1276361

1276529

1276637

1276763

1276897

1277011

1277099

1277257

1277429

1277569

1277723

1277819

1277957

1278113

1278217

1278373

1278467

1278617

1278713

1278817

1279013

1279123

1279193

1279337

1279507

1279609

1279693

1279819

1279921

1280113

1280183

1280333

1280519

1280651

1280767

1280869

1281043

1281167

1281281

1281431

1281541

1281677

1281781

1281883

1282009

1282117

1282241

1282381

1282493

1282577

1282661

1282783

1282933

1283027

1283159

1283333

1283479

1283591

1283753

1283881

1284007

1284209

1284317

1284443

1284559

1284709

1284841

1284967

1285069

1285181

1285279

1285429

1285519

1285699

1285793

1285877

1286011

1286147

1286267

1286387

1286533

1286641

1286773

1286839

1286983

1287131

1287233

1287371

1287491

1287607

1287739

1287821

1287961

1288033

1288117

1288249

1288421

1288543

1288657

1288799

1288873

1288981

1289083

1289237

1289371

1289531

1289623

1289749

1289867

1290019

1290161

1290287

1290433

1290551

1290643

1290847

1291001

1291139

1291223

1291357

1291481

1291637

1291831

1291967

1292099

1292237

1292339

1292491

1292591

1292693

1292813

1292971

1293133

1293247

1293329

1293491

1293587

1293791

1293917

1293983

1294103

1294253

1294367

1294561

1294649

1294817

1294999

1295089

1295219

1295317

1295447

1295561

1295711

1295813

1295989

1296077

1296209

1296343

1296499

1296587

1296703

1296833

1297001

1297103

1297201

1297297

1297397

1297487

1297607

1297693

1297873

1298053

1298173

1298329

1298537

1298699

1298819

1298963

1299061

1299209

1299317

1299437

1299553

1299709

