889580928678050522796803567
889581289413072522126938477
889581729694913453133973633
889582179226529940930349267
889582743453667185505427657
889583268832597096564371889
889583840459920689390979003
889584386188480507457144393
889584974465626844234608061
889585573842613701302033909
889586104772463773633896411
889586587604320007212123597
889587042687365672281096033
889587575467707260064127777
889588124897671032559794979
889588716876336772719813539
889589207108877308034308029
889589750989705113550164433
889590239372672075321608897
889590816552785775289778353
889591345634769014233600469
889591839568156655601582503
889592405649303768034963331
