703975538637161018341141900110618225242793873317772422757906089014895629506652247
703976689300987933817303313600873271600133946123100176071945510900791630120893227
703977907308299393879668058119287157956687267569278505885032077273944159441874491
703979221938508135919476301940251773217817192882629651912070830403722402529269219
703980521931324143057215026040358519760162689032412713615925553046952188740588131
703981871700898924736204746241758816654661485220519567360301119887177140567822919
703983243432192930236836377000022521497563376800061432736291397851442430286652457
703984603454182338224326578125247842436347722769379677077218246400166573569628539
703985880032402316710109911755717007450055142777342774936342530008751126755834603
703987042423065736134857146856297161368171854939253040342086270181085180603674111
703988206279368361839675980783868667490748430913236228797020689624951724080601677
703989422840413451362494182830367598005324031653751498912809815633865248072613539
703990747737552162264125847664702165592816865444350137737054286987861249933356137
703992038965441375451897557596242988133275443741790291171013611763888352227947749
703993325803489882247338437934511486784279860448518828759802013865718601881289223
703994530660564033178183079264235601639163132704674830321827089016017577344559629
703995804326768514496656285135372501915206179021249697640372593705323092894399553
703997066283117637795523630979679659016879433967775327535817683476912505773914629
703998332633485216497664620609364062811919851151826329490085972493158733959495171
703999590201884354966094542191355236203710025885251743615797304153364672001424217
