79304882880337
136950091267349
46766171835759023
386038750285306589
4599637620318734447
6589610110024733789
2557693135081054110020495319549518383
4387570987847010602643407543064978341
4780208808449781496495075174942331923
4809110601036301406024423198611668029
52307794362204302775035247717092678459
57290682814497229215323434301325635917
264237197284554175111130608851216294083
17897898634524087984006677552530768053259
17900008476411148792894162206747528276011
17900227577832580131469984849511734371997
1028294373699511871237445577658939679120255972643504361909581
12255070663083969595188464679616715429152759627084349958118159
42972888237982112494087699188583280834269642967811987155317316572343978555034923482646609
3805808051711380754788594771480231880150663774164195982381237512895077297155042585319798981
25230289523145919919320222986004097697553417459753794441444479939055562129497659758734413207
25334565816719448356067585688407914074942428429931510156425615809448642435583391303979517913
25339329752185800163085108068070556819890898985153555593552555940365154411284406137762643709
299579120132225692075507939600881967944755893198739220819142692887914454041945761575628209567
299586080198868629744254153177231291442476814938382638998420591151101236251788462944144071799
1189180957280370150867690607820195243511150216816810149348327910253710422174119066210405599319
14168652268388609239972342203295460861816573237162097219796159517214934487203911634053042630631
14168716316795624870693910621137330566237917596393123009872496396169379916949551809586160157301
168804412926349279942715154230249578678137100436044333288557804144415559420310560475208398758597
9697619699067504461410503774544040647541595669358995844371558626546580739584164413971957237301490837791587265113139
