1298653
27767
1298951
3797
889591839568156655601582503
15485849
889590239372672075321608897
1299203
2213
27583
703998332633485216497664620609364062811919851151826329490085972493158733959495171
1299299
27697
1299541
703999590201884354966094542191355236203710025885251743615797304153364672001424217
1299827
4159
889590816552785775289778353
15484771
703995804326768514496656285135372501915206179021249697640372593705323092894399553
15484919
27481
15485251
703997066283117637795523630979679659016879433967775327535817683476912505773914629
1299689
15485321
19181
15485747
889591345634769014233600469
1299379
889592405649303768034963331
15485539
347
1299059
15485411
27397
1298809
703994530660564033178183079264235601639163132704674830321827089016017577344559629
