507918551088968361964471825122009995635249099
2472435940734798089538524260224538259087414837903
83039808601743159471074198321671491198979787127336509
11700764480323738412324121018323348510198082172665381287
77523214870026336380396981874225844970518826323121733433098087296289462589
73949001318235896229815944491034712956885139505742070867048869507183526851987932663034312767
53643790994512863591735963419632907246513335957411875512328269775830257273483863177497366835758346952291815569
100863907563059575521264463605068471410562998241341559468012504527761427604377381058501691979276163213449836547
1202480495470189841284542505802055645613110575959124668556521358564510728969622304526820001859640427408608129053
14411698613421743030523547066596453830709098278475964728835993009059583116135844815478808970500405473457979949187
791852624246083876769631871343113236984403583496638139205762348422441418938022710907254169277075570800399504269949
270944286124953273628549288229077321724788962033511783288643158709067775313456034572582050635573947364770397720072749
84654341334618860902049256363152341864476296257912529135693848627155810497784104283003067747610301411663983643625403467
5734741326783573372610596980548278338956328937767067629206440609733855893269392192228989268902670655231037766689449618453
329480145204232009808961388768888393396508319987722141657759892943115388469924782973604668410730435815545513228112287260336097111090051367827
225575449692221983025124238614664062898671340323520313271881699977964090678909652089561086541468680327938591407819604733082066365357554977100057564957313242443863
541536611571401541012789432163983915325350944556778614408520662245205387770324862378280874259440913058964217462706854747246337713298597064980475563981710731426718850022811534535283024775142641779440572407293811
2004274699277115002029092288071468009464585528603371525923576818608280003952455067840034438705901907154384624657425324840075633269240448168655287039635405403026501705223592808136835350629843938076607500545647550950742420644033378652890185211
4126327161784995077705212842252784801686107312041413101108995349372730830503918999976660430191683028150749129399703720425971349036765349533062704017711952212628791952121006981899345452117400989242285963816908924542900361924193680326273922514200676392344857701226478400803
2432666533434476093626663993860498503905910567487973568396490915456780223914295929749906096460003007633131948970614519563496236901096433239146821582446828991243597817337783805325439049885033470674970794423151275346753973392952252513810221759435806886044042485384847239546171
16196859807494473742010117508435425682780915547735655543668613035920174724068503122031885203527867724831522777955895243591162757496478980964887558363460484771870644601963641262887653871059412655395416399876135621061687608242779030780460790668742979939421925406916173643599619
192318086781478500685037903420299871424175759145473771183821749186244093485628307669607285425818908356733508152528079243817625862157068136106265477293936076412181539148366313527468812149051748303308319155263827054258867416952936819198922257642626136287364939468096006954285739
2274198112848085879511977734331001359341458963820353541623143896895536743302135973259111733620345873983494281333024355028178182853377889889298631699364249870817511382831343958055735184040097992157266976249992325935944071119810780000702025898620178228566622343630143222801251397
106728674962233777106127576361420460840839462056024792683228734594722707818037530985791653513973835301380778467785718609351617968868744718963691827486353569586421394671318818751767776187503644902040071557861818068539566528196204886304383587310025288164893924289769223196161396527
5047753267778880919146836725323466068020688332763110266027767176789544466791068871121629809681576266058997030301238055581262213150533467907291705660764049312270894503329004823580859366505509050601071432720178578159197709181137774519493859788554676811247480812245404382219386609911
238729997204346603077920594752185069306008987689884560015717042668673518915071264297710109383176172116913788262876797147232703599872974702293566260187892298600738032747111268435285459408148145002803018105711129931530524881353383419754092819664453823397804977100089520932378809599989
33887758443551679948699525785904659186948848854623252002637606997783316141420127964755484409231784202408039133905823048314171242997478604774777692033355997830532779344650381849381605572093168936305194940066700453016402373232741320575756067502738959629732179322387805600730221961195807
